1.000000000000000000e+00 5.292300000000000182e+01 -9.001600000000000534e+01
1.000000000000000000e+00 5.165299999999999869e+01 -8.930400000000000205e+01
1.000000000000000000e+00 5.085099999999999909e+01 -8.908599999999999852e+01
1.000000000000000000e+00 5.141400000000000148e+01 -8.903300000000000125e+01
1.000000000000000000e+00 5.197599999999999909e+01 -8.795799999999999841e+01
1.000000000000000000e+00 5.286399999999999721e+01 -8.713100000000000023e+01
1.000000000000000000e+00 5.335499999999999687e+01 -8.560599999999999454e+01
1.000000000000000000e+00 5.335900000000000176e+01 -8.452400000000000091e+01
1.000000000000000000e+00 5.272099999999999653e+01 -9.101900000000000546e+01
1.000000000000000000e+00 5.358100000000000307e+01 -8.993300000000000693e+01
1.000000000000000000e+00 5.335199999999999676e+01 -8.959199999999999875e+01
1.000000000000000000e+00 5.107300000000000040e+01 -8.990399999999999636e+01
1.000000000000000000e+00 5.105799999999999983e+01 -8.742100000000000648e+01
1.000000000000000000e+00 5.249199999999999733e+01 -8.812300000000000466e+01
1.000000000000000000e+00 5.374600000000000222e+01 -8.770000000000000284e+01
1.000000000000000000e+00 5.231900000000000261e+01 -8.688700000000000045e+01
1.000000000000000000e+00 5.398499999999999943e+01 -8.495600000000000307e+01
1.000000000000000000e+00 5.374499999999999744e+01 -8.355500000000000682e+01
1.000000000000000000e+00 5.234799999999999898e+01 -8.441500000000000625e+01
2.000000000000000000e+00 4.953499999999999659e+01 -8.895300000000000296e+01
2.000000000000000000e+00 4.866400000000000148e+01 -8.873300000000000409e+01
2.000000000000000000e+00 4.839300000000000068e+01 -8.724599999999999511e+01
2.000000000000000000e+00 4.819899999999999807e+01 -8.650600000000000023e+01
2.000000000000000000e+00 4.732200000000000273e+01 -8.944499999999999318e+01
2.000000000000000000e+00 4.750600000000000023e+01 -9.095999999999999375e+01
2.000000000000000000e+00 4.785600000000000165e+01 -9.136899999999999977e+01
2.000000000000000000e+00 4.760499999999999687e+01 -9.061799999999999500e+01
2.000000000000000000e+00 4.840299999999999869e+01 -9.253100000000000591e+01
2.000000000000000000e+00 4.914500000000000313e+01 -8.900600000000000023e+01
2.000000000000000000e+00 4.913900000000000290e+01 -8.912500000000000000e+01
2.000000000000000000e+00 4.691700000000000159e+01 -8.918600000000000705e+01
2.000000000000000000e+00 4.663499999999999801e+01 -8.912999999999999545e+01
2.000000000000000000e+00 4.829899999999999949e+01 -9.126300000000000523e+01
2.000000000000000000e+00 4.658599999999999852e+01 -9.144599999999999795e+01
2.000000000000000000e+00 4.859100000000000108e+01 -9.313200000000000500e+01
2.000000000000000000e+00 4.861699999999999733e+01 -9.280599999999999739e+01
3.000000000000000000e+00 4.834100000000000108e+01 -8.683299999999999841e+01
3.000000000000000000e+00 4.804899999999999949e+01 -8.545099999999999341e+01
3.000000000000000000e+00 4.696999999999999886e+01 -8.545799999999999841e+01
3.000000000000000000e+00 4.670400000000000063e+01 -8.649899999999999523e+01
3.000000000000000000e+00 4.931499999999999773e+01 -8.472499999999999432e+01
3.000000000000000000e+00 4.989500000000000313e+01 -8.539799999999999613e+01
3.000000000000000000e+00 5.036200000000000188e+01 -8.475400000000000489e+01
3.000000000000000000e+00 5.096900000000000119e+01 -8.449899999999999523e+01
3.000000000000000000e+00 4.847399999999999665e+01 -8.748399999999999466e+01
3.000000000000000000e+00 4.765899999999999892e+01 -8.492900000000000205e+01
3.000000000000000000e+00 4.906300000000000239e+01 -8.369599999999999795e+01
3.000000000000000000e+00 5.033299999999999841e+01 -8.634600000000000364e+01
3.000000000000000000e+00 4.911200000000000188e+01 -8.555800000000000693e+01
3.000000000000000000e+00 4.996600000000000108e+01 -8.426399999999999579e+01
3.000000000000000000e+00 5.125399999999999778e+01 -8.423999999999999488e+01
3.000000000000000000e+00 5.060600000000000165e+01 -8.577899999999999636e+01
3.000000000000000000e+00 5.049699999999999989e+01 -8.374599999999999511e+01
3.000000000000000000e+00 5.162700000000000244e+01 -8.509699999999999420e+01
3.000000000000000000e+00 5.154299999999999926e+01 -8.402100000000000080e+01
4.000000000000000000e+00 4.635699999999999932e+01 -8.429500000000000171e+01
4.000000000000000000e+00 4.530899999999999750e+01 -8.419199999999999307e+01
4.000000000000000000e+00 4.564500000000000313e+01 -8.311499999999999488e+01
4.000000000000000000e+00 4.610600000000000165e+01 -8.203900000000000148e+01
4.000000000000000000e+00 4.396999999999999886e+01 -8.384499999999999886e+01
4.000000000000000000e+00 4.356900000000000261e+01 -8.493399999999999750e+01
4.000000000000000000e+00 4.298299999999999699e+01 -8.611199999999999477e+01
4.000000000000000000e+00 4.377199999999999847e+01 -8.476500000000000057e+01
4.000000000000000000e+00 4.260099999999999909e+01 -8.711899999999999977e+01
4.000000000000000000e+00 4.339099999999999824e+01 -8.577400000000000091e+01
4.000000000000000000e+00 4.280499999999999972e+01 -8.695000000000000284e+01
4.000000000000000000e+00 4.662700000000000244e+01 -8.348999999999999488e+01
4.000000000000000000e+00 4.521099999999999852e+01 -8.513899999999999579e+01
4.000000000000000000e+00 4.406199999999999761e+01 -8.291100000000000136e+01
4.000000000000000000e+00 4.321500000000000341e+01 -8.374299999999999500e+01
4.000000000000000000e+00 4.282600000000000051e+01 -8.624299999999999500e+01
4.000000000000000000e+00 4.422399999999999665e+01 -8.385699999999999932e+01
4.000000000000000000e+00 4.214900000000000091e+01 -8.802700000000000102e+01
4.000000000000000000e+00 4.354699999999999704e+01 -8.564400000000000546e+01
4.000000000000000000e+00 4.250999999999999801e+01 -8.772799999999999443e+01
5.000000000000000000e+00 4.536399999999999721e+01 -8.340500000000000114e+01
5.000000000000000000e+00 4.558800000000000097e+01 -8.243399999999999750e+01
5.000000000000000000e+00 4.426899999999999835e+01 -8.220399999999999352e+01
5.000000000000000000e+00 4.366400000000000148e+01 -8.314499999999999602e+01
5.000000000000000000e+00 4.663499999999999801e+01 -8.294199999999999307e+01
5.000000000000000000e+00 4.691400000000000148e+01 -8.184499999999999886e+01
5.000000000000000000e+00 4.794100000000000250e+01 -8.326800000000000068e+01
5.000000000000000000e+00 4.496800000000000352e+01 -8.427100000000000080e+01
5.000000000000000000e+00 4.592799999999999727e+01 -8.149599999999999511e+01
5.000000000000000000e+00 4.626299999999999812e+01 -8.382599999999999341e+01
5.000000000000000000e+00 4.602700000000000102e+01 -8.167199999999999704e+01
5.000000000000000000e+00 4.772099999999999653e+01 -8.215600000000000591e+01
5.000000000000000000e+00 4.719200000000000017e+01 -8.093099999999999739e+01
5.000000000000000000e+00 4.774300000000000210e+01 -8.397899999999999920e+01
5.000000000000000000e+00 4.835199999999999676e+01 -8.236400000000000432e+01
5.000000000000000000e+00 4.864999999999999858e+01 -8.369100000000000250e+01
6.000000000000000000e+00 4.383200000000000074e+01 -8.094899999999999807e+01
6.000000000000000000e+00 4.258400000000000318e+01 -8.061700000000000443e+01
6.000000000000000000e+00 4.288199999999999790e+01 -8.007399999999999807e+01
6.000000000000000000e+00 4.384700000000000131e+01 -7.933599999999999852e+01
6.000000000000000000e+00 4.177199999999999847e+01 -7.958400000000000318e+01
6.000000000000000000e+00 4.084000000000000341e+01 -8.030700000000000216e+01
6.000000000000000000e+00 4.004200000000000159e+01 -7.927899999999999636e+01
6.000000000000000000e+00 3.910000000000000142e+01 -7.999399999999999977e+01
6.000000000000000000e+00 3.988000000000000256e+01 -8.095000000000000284e+01
6.000000000000000000e+00 4.436200000000000188e+01 -8.023099999999999454e+01
6.000000000000000000e+00 4.199300000000000210e+01 -8.151399999999999579e+01
6.000000000000000000e+00 4.245199999999999818e+01 -7.895399999999999352e+01
6.000000000000000000e+00 4.119100000000000250e+01 -7.897700000000000387e+01
6.000000000000000000e+00 4.015999999999999659e+01 -8.093699999999999761e+01
6.000000000000000000e+00 4.141899999999999693e+01 -8.090999999999999659e+01
6.000000000000000000e+00 4.072200000000000131e+01 -7.865200000000000102e+01
6.000000000000000000e+00 3.946800000000000352e+01 -7.867799999999999727e+01
6.000000000000000000e+00 3.862199999999999989e+01 -7.926699999999999591e+01
6.000000000000000000e+00 3.834899999999999665e+01 -8.053300000000000125e+01
6.000000000000000000e+00 3.999300000000000210e+01 -8.184600000000000364e+01
6.000000000000000000e+00 3.937299999999999756e+01 -8.112300000000000466e+01
6.000000000000000000e+00 4.081600000000000250e+01 -8.054900000000000659e+01
7.000000000000000000e+00 4.203199999999999648e+01 -8.044599999999999795e+01
7.000000000000000000e+00 4.219599999999999795e+01 -7.999200000000000443e+01
7.000000000000000000e+00 4.122299999999999898e+01 -7.885899999999999466e+01
7.000000000000000000e+00 4.026500000000000057e+01 -7.859099999999999397e+01
7.000000000000000000e+00 4.195799999999999841e+01 -8.114100000000000534e+01
7.000000000000000000e+00 4.057900000000000063e+01 -8.147299999999999898e+01
7.000000000000000000e+00 4.277799999999999869e+01 -8.237000000000000455e+01
7.000000000000000000e+00 4.128000000000000114e+01 -8.102800000000000580e+01
7.000000000000000000e+00 4.320799999999999841e+01 -7.963200000000000500e+01
7.000000000000000000e+00 4.227700000000000102e+01 -8.083599999999999852e+01
7.000000000000000000e+00 4.040400000000000347e+01 -8.194799999999999329e+01
7.000000000000000000e+00 4.382900000000000063e+01 -8.216200000000000614e+01
7.000000000000000000e+00 4.249399999999999977e+01 -8.320900000000000318e+01
7.000000000000000000e+00 4.258899999999999864e+01 -8.260599999999999454e+01
8.000000000000000000e+00 4.151100000000000279e+01 -7.822199999999999420e+01
8.000000000000000000e+00 4.068900000000000006e+01 -7.710699999999999932e+01
8.000000000000000000e+00 3.927600000000000335e+01 -7.756900000000000261e+01
8.000000000000000000e+00 3.835900000000000176e+01 -7.675199999999999534e+01
8.000000000000000000e+00 4.131000000000000227e+01 -7.647899999999999920e+01
8.000000000000000000e+00 4.271699999999999875e+01 -7.597299999999999898e+01
8.000000000000000000e+00 4.336099999999999710e+01 -7.544700000000000273e+01
8.000000000000000000e+00 4.266199999999999903e+01 -7.484600000000000364e+01
8.000000000000000000e+00 4.231499999999999773e+01 -7.849699999999999989e+01
8.000000000000000000e+00 4.063100000000000023e+01 -7.636100000000000421e+01
8.000000000000000000e+00 4.136200000000000188e+01 -7.721800000000000352e+01
8.000000000000000000e+00 4.069800000000000040e+01 -7.565099999999999625e+01
8.000000000000000000e+00 4.330100000000000193e+01 -7.679399999999999693e+01
8.000000000000000000e+00 4.284799999999999898e+01 -7.455200000000000671e+01
8.000000000000000000e+00 4.328699999999999903e+01 -7.619899999999999807e+01
8.000000000000000000e+00 4.439999999999999858e+01 -7.521999999999999886e+01
8.000000000000000000e+00 4.353999999999999915e+01 -7.422100000000000364e+01
8.000000000000000000e+00 4.263600000000000279e+01 -7.527599999999999625e+01
8.000000000000000000e+00 4.177799999999999869e+01 -7.424399999999999977e+01
9.000000000000000000e+00 3.909599999999999653e+01 -7.887600000000000477e+01
9.000000000000000000e+00 3.777400000000000091e+01 -7.940200000000000102e+01
9.000000000000000000e+00 3.699099999999999966e+01 -7.987699999999999534e+01
9.000000000000000000e+00 3.584400000000000119e+01 -8.030700000000000216e+01
9.000000000000000000e+00 3.788700000000000045e+01 -8.051000000000000512e+01
9.000000000000000000e+00 3.853099999999999881e+01 -8.163599999999999568e+01
9.000000000000000000e+00 3.870300000000000296e+01 -8.001399999999999579e+01
9.000000000000000000e+00 3.985600000000000165e+01 -7.948900000000000432e+01
9.000000000000000000e+00 3.718699999999999761e+01 -7.859099999999999397e+01
9.000000000000000000e+00 3.689999999999999858e+01 -8.079500000000000171e+01
9.000000000000000000e+00 3.790500000000000114e+01 -8.206600000000000250e+01
9.000000000000000000e+00 3.815500000000000114e+01 -7.923799999999999955e+01
9.000000000000000000e+00 3.888600000000000279e+01 -8.083499999999999375e+01
9.000000000000000000e+00 3.964600000000000080e+01 -7.961799999999999500e+01
1.000000000000000000e+01 3.759300000000000352e+01 -7.975400000000000489e+01
1.000000000000000000e+01 3.690999999999999659e+01 -8.012800000000000011e+01
1.000000000000000000e+01 3.721000000000000085e+01 -8.155100000000000193e+01
1.000000000000000000e+01 3.652900000000000347e+01 -8.208799999999999386e+01
1.000000000000000000e+01 3.849399999999999977e+01 -7.937099999999999511e+01
1.000000000000000000e+01 3.721800000000000352e+01 -7.945199999999999818e+01
1.000000000000000000e+01 3.584199999999999875e+01 -8.002700000000000102e+01
1.100000000000000000e+01 3.823899999999999721e+01 -8.215300000000000580e+01
1.100000000000000000e+01 3.860900000000000176e+01 -8.351900000000000546e+01
1.100000000000000000e+01 3.962500000000000000e+01 -8.348000000000000398e+01
1.100000000000000000e+01 4.047599999999999909e+01 -8.259799999999999898e+01
1.100000000000000000e+01 3.924099999999999966e+01 -8.425499999999999545e+01
1.100000000000000000e+01 3.939399999999999835e+01 -8.574099999999999966e+01
1.100000000000000000e+01 4.002600000000000335e+01 -8.645799999999999841e+01
1.100000000000000000e+01 4.017600000000000193e+01 -8.794499999999999318e+01
1.100000000000000000e+01 3.882900000000000063e+01 -8.853799999999999670e+01
1.100000000000000000e+01 3.877000000000000313e+01 -8.168000000000000682e+01
1.100000000000000000e+01 3.771600000000000108e+01 -8.404999999999999716e+01
1.100000000000000000e+01 3.862199999999999989e+01 -8.413299999999999557e+01
1.100000000000000000e+01 4.021399999999999864e+01 -8.383299999999999841e+01
1.100000000000000000e+01 4.002700000000000102e+01 -8.585500000000000398e+01
1.100000000000000000e+01 3.842300000000000182e+01 -8.616800000000000637e+01
1.100000000000000000e+01 3.939399999999999835e+01 -8.633700000000000330e+01
1.100000000000000000e+01 4.099900000000000233e+01 -8.603499999999999659e+01
1.100000000000000000e+01 4.065500000000000114e+01 -8.844599999999999795e+01
1.100000000000000000e+01 4.077799999999999869e+01 -8.806399999999999295e+01
1.100000000000000000e+01 3.814000000000000057e+01 -8.808799999999999386e+01
1.100000000000000000e+01 3.854500000000000171e+01 -8.837900000000000489e+01
1.100000000000000000e+01 3.885999999999999943e+01 -8.955899999999999750e+01
1.200000000000000000e+01 3.956199999999999761e+01 -8.444400000000000261e+01
1.200000000000000000e+01 4.053199999999999648e+01 -8.448699999999999477e+01
1.200000000000000000e+01 4.133500000000000085e+01 -8.578700000000000614e+01
1.200000000000000000e+01 4.075600000000000023e+01 -8.687099999999999511e+01
1.200000000000000000e+01 3.981099999999999994e+01 -8.440699999999999648e+01
1.200000000000000000e+01 3.908100000000000307e+01 -8.318999999999999773e+01
1.200000000000000000e+01 4.085399999999999920e+01 -8.443200000000000216e+01
1.200000000000000000e+01 3.887599999999999767e+01 -8.514000000000000057e+01
1.200000000000000000e+01 4.121200000000000330e+01 -8.364499999999999602e+01
1.200000000000000000e+01 3.914099999999999824e+01 -8.524599999999999511e+01
1.200000000000000000e+01 3.873499999999999943e+01 -8.310200000000000387e+01
1.200000000000000000e+01 4.037400000000000233e+01 -8.421500000000000341e+01
1.200000000000000000e+01 4.161200000000000188e+01 -8.368699999999999761e+01
1.200000000000000000e+01 4.131300000000000239e+01 -8.540800000000000125e+01
1.300000000000000000e+01 4.266899999999999693e+01 -8.568000000000000682e+01
1.300000000000000000e+01 4.353499999999999659e+01 -8.686700000000000443e+01
1.300000000000000000e+01 4.425200000000000244e+01 -8.704900000000000659e+01
1.300000000000000000e+01 4.472599999999999909e+01 -8.608199999999999363e+01
1.300000000000000000e+01 4.460999999999999943e+01 -8.674399999999999977e+01
1.300000000000000000e+01 4.400500000000000256e+01 -8.604399999999999693e+01
1.300000000000000000e+01 4.510999999999999943e+01 -8.813599999999999568e+01
1.300000000000000000e+01 4.499499999999999744e+01 -8.607099999999999795e+01
1.300000000000000000e+01 4.307699999999999818e+01 -8.479099999999999682e+01
1.300000000000000000e+01 4.293099999999999739e+01 -8.774699999999999989e+01
1.300000000000000000e+01 4.544400000000000261e+01 -8.615800000000000125e+01
1.300000000000000000e+01 4.309400000000000119e+01 -8.654500000000000171e+01
1.300000000000000000e+01 4.378699999999999903e+01 -8.501600000000000534e+01
1.300000000000000000e+01 4.600099999999999767e+01 -8.804000000000000625e+01
1.300000000000000000e+01 4.434499999999999886e+01 -8.864400000000000546e+01
1.300000000000000000e+01 4.533599999999999852e+01 -8.870699999999999363e+01
1.300000000000000000e+01 4.505799999999999983e+01 -8.707299999999999329e+01
1.300000000000000000e+01 4.596999999999999886e+01 -8.575900000000000034e+01
1.300000000000000000e+01 4.465699999999999648e+01 -8.539700000000000557e+01
1.400000000000000000e+01 4.435099999999999909e+01 -8.830100000000000193e+01
1.400000000000000000e+01 4.504399999999999693e+01 -8.859999999999999432e+01
1.400000000000000000e+01 4.639500000000000313e+01 -8.922700000000000387e+01
1.400000000000000000e+01 4.647599999999999909e+01 -9.013700000000000045e+01
1.400000000000000000e+01 4.421099999999999852e+01 -8.956900000000000261e+01
1.400000000000000000e+01 4.294400000000000261e+01 -8.898799999999999955e+01
1.400000000000000000e+01 4.493299999999999983e+01 -8.984900000000000375e+01
1.400000000000000000e+01 4.397099999999999653e+01 -8.903900000000000148e+01
1.400000000000000000e+01 4.520000000000000284e+01 -8.768500000000000227e+01
1.400000000000000000e+01 4.407900000000000063e+01 -9.049699999999999989e+01
1.400000000000000000e+01 4.230700000000000216e+01 -8.936799999999999500e+01
1.400000000000000000e+01 4.533500000000000085e+01 -8.892799999999999727e+01
1.400000000000000000e+01 4.573599999999999710e+01 -9.054699999999999704e+01
1.400000000000000000e+01 4.423700000000000188e+01 -9.027299999999999613e+01
1.500000000000000000e+01 4.746000000000000085e+01 -8.873399999999999466e+01
1.500000000000000000e+01 4.881000000000000227e+01 -8.925600000000000023e+01
1.500000000000000000e+01 4.948499999999999943e+01 -8.965000000000000568e+01
1.500000000000000000e+01 4.925699999999999790e+01 -8.902500000000000568e+01
1.500000000000000000e+01 4.965800000000000125e+01 -8.817900000000000205e+01
1.500000000000000000e+01 4.900000000000000000e+01 -8.773799999999999955e+01
1.500000000000000000e+01 4.973499999999999943e+01 -8.650600000000000023e+01
1.500000000000000000e+01 4.907099999999999795e+01 -8.886700000000000443e+01
1.500000000000000000e+01 4.734000000000000341e+01 -8.800600000000000023e+01
1.500000000000000000e+01 4.875300000000000011e+01 -9.011799999999999500e+01
1.500000000000000000e+01 4.975000000000000000e+01 -8.732899999999999352e+01
1.500000000000000000e+01 5.064000000000000057e+01 -8.857500000000000284e+01
1.500000000000000000e+01 4.796600000000000108e+01 -8.748099999999999454e+01
1.500000000000000000e+01 4.932099999999999795e+01 -8.622899999999999920e+01
1.500000000000000000e+01 5.078399999999999892e+01 -8.673399999999999466e+01
1.500000000000000000e+01 4.961800000000000210e+01 -8.568600000000000705e+01
1.500000000000000000e+01 4.893299999999999983e+01 -8.845699999999999363e+01
1.500000000000000000e+01 4.829299999999999926e+01 -8.958899999999999864e+01
1.500000000000000000e+01 5.003499999999999659e+01 -8.935200000000000387e+01
1.600000000000000000e+01 5.037400000000000233e+01 -9.064400000000000546e+01
1.600000000000000000e+01 5.114000000000000057e+01 -9.105200000000000671e+01
1.600000000000000000e+01 5.252000000000000313e+01 -9.042499999999999716e+01
1.600000000000000000e+01 5.320199999999999818e+01 -9.064600000000000080e+01
1.600000000000000000e+01 5.125000000000000000e+01 -9.257800000000000296e+01
1.600000000000000000e+01 5.204699999999999704e+01 -9.296200000000000330e+01
1.600000000000000000e+01 5.216100000000000136e+01 -9.447899999999999920e+01
1.600000000000000000e+01 5.179699999999999704e+01 -9.514499999999999602e+01
1.600000000000000000e+01 5.260799999999999699e+01 -9.495399999999999352e+01
1.600000000000000000e+01 5.055400000000000205e+01 -9.106799999999999784e+01
1.600000000000000000e+01 5.066100000000000136e+01 -9.065300000000000580e+01
1.600000000000000000e+01 5.026299999999999812e+01 -9.300799999999999557e+01
1.600000000000000000e+01 5.175600000000000023e+01 -9.295399999999999352e+01
1.600000000000000000e+01 5.303699999999999903e+01 -9.253199999999999648e+01
1.600000000000000000e+01 5.154299999999999926e+01 -9.258400000000000318e+01
1.700000000000000000e+01 5.292300000000000182e+01 -8.961899999999999977e+01
1.700000000000000000e+01 5.421900000000000119e+01 -8.894100000000000250e+01
1.700000000000000000e+01 5.491199999999999903e+01 -8.892100000000000648e+01
1.700000000000000000e+01 5.430700000000000216e+01 -8.918500000000000227e+01
1.700000000000000000e+01 5.401800000000000068e+01 -8.749599999999999511e+01
1.700000000000000000e+01 5.342399999999999949e+01 -8.746599999999999397e+01
1.700000000000000000e+01 5.306799999999999784e+01 -8.679699999999999704e+01
1.700000000000000000e+01 5.234300000000000352e+01 -8.947400000000000375e+01
1.700000000000000000e+01 5.485799999999999699e+01 -8.944199999999999307e+01
1.700000000000000000e+01 5.497099999999999653e+01 -8.698600000000000421e+01
1.700000000000000000e+01 5.352799999999999869e+01 -8.647400000000000375e+01
1.700000000000000000e+01 5.237800000000000011e+01 -8.773000000000000398e+01
1.700000000000000000e+01 5.394800000000000040e+01 -8.817300000000000182e+01
1.700000000000000000e+01 5.216299999999999670e+01 -8.737699999999999534e+01
1.700000000000000000e+01 5.282600000000000051e+01 -8.581499999999999773e+01
1.700000000000000000e+01 5.354500000000000171e+01 -8.670300000000000296e+01
1.800000000000000000e+01 5.618800000000000239e+01 -8.854800000000000182e+01
1.800000000000000000e+01 5.700300000000000011e+01 -8.841400000000000148e+01
1.800000000000000000e+01 5.744500000000000028e+01 -8.694899999999999807e+01
1.800000000000000000e+01 5.757000000000000028e+01 -8.630200000000000671e+01
1.800000000000000000e+01 5.822899999999999920e+01 -8.932800000000000296e+01
1.800000000000000000e+01 5.778799999999999670e+01 -9.079399999999999693e+01
1.800000000000000000e+01 5.744700000000000273e+01 -9.119100000000000250e+01
1.800000000000000000e+01 5.836500000000000199e+01 -9.149299999999999500e+01
1.800000000000000000e+01 5.627300000000000324e+01 -9.118800000000000239e+01
1.800000000000000000e+01 5.658800000000000097e+01 -8.832099999999999795e+01
1.800000000000000000e+01 5.640500000000000114e+01 -8.867600000000000193e+01
1.800000000000000000e+01 5.875399999999999778e+01 -8.914300000000000068e+01
1.800000000000000000e+01 5.888700000000000045e+01 -8.912000000000000455e+01
1.800000000000000000e+01 5.691700000000000159e+01 -9.092799999999999727e+01
1.800000000000000000e+01 5.858899999999999864e+01 -9.142000000000000171e+01
1.900000000000000000e+01 5.767699999999999960e+01 -8.637999999999999545e+01
1.900000000000000000e+01 5.808899999999999864e+01 -8.495699999999999363e+01
1.900000000000000000e+01 5.936999999999999744e+01 -8.467600000000000193e+01
1.900000000000000000e+01 5.961999999999999744e+01 -8.354000000000000625e+01
1.900000000000000000e+01 5.827000000000000313e+01 -8.465099999999999625e+01
1.900000000000000000e+01 5.751800000000000068e+01 -8.575000000000000000e+01
1.900000000000000000e+01 5.758400000000000318e+01 -8.697700000000000387e+01
1.900000000000000000e+01 5.728999999999999915e+01 -8.433599999999999852e+01
1.900000000000000000e+01 5.931900000000000261e+01 -8.468000000000000682e+01
1.900000000000000000e+01 5.784300000000000352e+01 -8.368999999999999773e+01
1.900000000000000000e+01 5.795799999999999841e+01 -8.598000000000000398e+01
1.900000000000000000e+01 5.648400000000000176e+01 -8.546299999999999386e+01
1.900000000000000000e+01 5.846600000000000108e+01 -8.757399999999999807e+01
1.900000000000000000e+01 5.668500000000000227e+01 -8.755899999999999750e+01
2.000000000000000000e+01 6.018699999999999761e+01 -8.571200000000000330e+01
2.000000000000000000e+01 6.145100000000000051e+01 -8.556399999999999295e+01
2.000000000000000000e+01 6.127000000000000313e+01 -8.568500000000000227e+01
2.000000000000000000e+01 6.223400000000000176e+01 -8.552700000000000102e+01
2.000000000000000000e+01 6.245300000000000296e+01 -8.661299999999999955e+01
2.000000000000000000e+01 6.184499999999999886e+01 -8.789799999999999613e+01
2.000000000000000000e+01 5.994100000000000250e+01 -8.659099999999999397e+01
2.000000000000000000e+01 6.185799999999999699e+01 -8.458599999999999852e+01
2.000000000000000000e+01 6.331199999999999761e+01 -8.660899999999999466e+01
2.000000000000000000e+01 6.276800000000000068e+01 -8.637500000000000000e+01
2.000000000000000000e+01 6.122800000000000153e+01 -8.791400000000000148e+01
2.100000000000000000e+01 6.004699999999999704e+01 -8.593699999999999761e+01
2.100000000000000000e+01 5.981199999999999761e+01 -8.603300000000000125e+01
2.100000000000000000e+01 5.994700000000000273e+01 -8.464199999999999591e+01
2.100000000000000000e+01 5.953099999999999881e+01 -8.363800000000000523e+01
2.100000000000000000e+01 5.840800000000000125e+01 -8.658700000000000330e+01
2.100000000000000000e+01 5.837899999999999778e+01 -8.809900000000000375e+01
2.100000000000000000e+01 5.943699999999999761e+01 -8.870499999999999829e+01
2.100000000000000000e+01 5.729500000000000171e+01 -8.862900000000000489e+01
2.100000000000000000e+01 5.928600000000000136e+01 -8.601800000000000068e+01
2.100000000000000000e+01 6.054899999999999949e+01 -8.668899999999999295e+01
2.100000000000000000e+01 5.770600000000000307e+01 -8.612399999999999523e+01
2.100000000000000000e+01 5.812500000000000000e+01 -8.635899999999999466e+01
2.200000000000000000e+01 6.051200000000000045e+01 -8.461199999999999477e+01
2.200000000000000000e+01 6.068699999999999761e+01 -8.337000000000000455e+01
2.200000000000000000e+01 5.942900000000000205e+01 -8.305299999999999727e+01
2.200000000000000000e+01 5.865299999999999869e+01 -8.393999999999999773e+01
2.200000000000000000e+01 6.185499999999999687e+01 -8.346200000000000330e+01
2.200000000000000000e+01 6.159100000000000108e+01 -8.447400000000000375e+01
2.200000000000000000e+01 6.316100000000000136e+01 -8.377599999999999625e+01
2.200000000000000000e+01 6.079899999999999949e+01 -8.545099999999999341e+01
2.200000000000000000e+01 6.087800000000000011e+01 -8.257599999999999341e+01
2.200000000000000000e+01 6.195700000000000074e+01 -8.251099999999999568e+01
2.200000000000000000e+01 6.115100000000000335e+01 -8.520000000000000284e+01
2.200000000000000000e+01 6.341899999999999693e+01 -8.295000000000000284e+01
2.200000000000000000e+01 6.395000000000000284e+01 -8.392799999999999727e+01
2.200000000000000000e+01 6.303600000000000136e+01 -8.467100000000000648e+01
2.300000000000000000e+01 5.925699999999999790e+01 -8.178499999999999659e+01
2.300000000000000000e+01 5.811399999999999721e+01 -8.134999999999999432e+01
2.300000000000000000e+01 5.817199999999999704e+01 -8.201600000000000534e+01
2.300000000000000000e+01 5.714900000000000091e+01 -8.245000000000000284e+01
2.300000000000000000e+01 5.812800000000000011e+01 -7.982399999999999807e+01
2.300000000000000000e+01 5.790299999999999869e+01 -7.918999999999999773e+01
2.300000000000000000e+01 5.706000000000000227e+01 -7.934699999999999420e+01
2.300000000000000000e+01 5.658700000000000330e+01 -7.965699999999999648e+01
2.300000000000000000e+01 5.992300000000000182e+01 -8.112300000000000466e+01
2.300000000000000000e+01 5.720300000000000296e+01 -8.167100000000000648e+01
2.300000000000000000e+01 5.909100000000000108e+01 -7.952100000000000080e+01
2.300000000000000000e+01 5.871999999999999886e+01 -7.946899999999999409e+01
2.300000000000000000e+01 5.788499999999999801e+01 -7.811499999999999488e+01
2.300000000000000000e+01 5.735600000000000165e+01 -7.960800000000000409e+01
2.300000000000000000e+01 5.695199999999999818e+01 -7.827599999999999625e+01
2.300000000000000000e+01 5.611800000000000210e+01 -7.982099999999999795e+01
2.300000000000000000e+01 5.674900000000000233e+01 -8.059499999999999886e+01
2.300000000000000000e+01 5.583599999999999852e+01 -7.978100000000000591e+01
2.300000000000000000e+01 5.625399999999999778e+01 -7.892400000000000659e+01
2.400000000000000000e+01 5.937400000000000233e+01 -8.212300000000000466e+01
2.400000000000000000e+01 5.953099999999999881e+01 -8.278100000000000591e+01
2.400000000000000000e+01 5.904800000000000182e+01 -8.422400000000000375e+01
2.400000000000000000e+01 5.842799999999999727e+01 -8.475600000000000023e+01
2.400000000000000000e+01 6.099799999999999756e+01 -8.275400000000000489e+01
2.400000000000000000e+01 6.114500000000000313e+01 -8.343099999999999739e+01
2.400000000000000000e+01 6.260000000000000142e+01 -8.337199999999999989e+01
2.400000000000000000e+01 6.343599999999999994e+01 -8.298900000000000432e+01
2.400000000000000000e+01 6.285600000000000165e+01 -8.371099999999999852e+01
2.400000000000000000e+01 6.016400000000000148e+01 -8.178199999999999648e+01
2.400000000000000000e+01 5.891799999999999926e+01 -8.226399999999999579e+01
2.400000000000000000e+01 6.133400000000000318e+01 -8.173199999999999932e+01
2.400000000000000000e+01 6.159899999999999665e+01 -8.328199999999999648e+01
2.400000000000000000e+01 6.083700000000000330e+01 -8.446299999999999386e+01
2.400000000000000000e+01 6.052499999999999858e+01 -8.292100000000000648e+01
2.500000000000000000e+01 5.933700000000000330e+01 -8.484999999999999432e+01
2.500000000000000000e+01 5.891100000000000136e+01 -8.623399999999999466e+01
2.500000000000000000e+01 5.738600000000000279e+01 -8.628499999999999659e+01
2.500000000000000000e+01 5.676599999999999824e+01 -8.719100000000000250e+01
2.500000000000000000e+01 5.949799999999999756e+01 -8.680500000000000682e+01
2.500000000000000000e+01 6.100000000000000000e+01 -8.700400000000000489e+01
2.500000000000000000e+01 6.162700000000000244e+01 -8.635800000000000409e+01
2.500000000000000000e+01 6.161599999999999966e+01 -8.787099999999999511e+01
2.500000000000000000e+01 5.984100000000000108e+01 -8.437699999999999534e+01
2.500000000000000000e+01 5.924300000000000210e+01 -8.682899999999999352e+01
2.500000000000000000e+01 5.930199999999999960e+01 -8.612300000000000466e+01
2.500000000000000000e+01 5.903099999999999881e+01 -8.775799999999999557e+01
2.500000000000000000e+01 6.111200000000000188e+01 -8.839000000000000057e+01
2.500000000000000000e+01 6.258299999999999841e+01 -8.800300000000000011e+01
2.600000000000000000e+01 5.678900000000000148e+01 -8.529600000000000648e+01
2.600000000000000000e+01 5.533400000000000318e+01 -8.523499999999999943e+01
2.600000000000000000e+01 5.471500000000000341e+01 -8.507200000000000273e+01
2.600000000000000000e+01 5.373700000000000188e+01 -8.574599999999999511e+01
2.600000000000000000e+01 5.489699999999999847e+01 -8.409099999999999397e+01
2.600000000000000000e+01 5.337500000000000000e+01 -8.393600000000000705e+01
2.600000000000000000e+01 5.534000000000000341e+01 -8.437999999999999545e+01
2.600000000000000000e+01 5.733700000000000330e+01 -8.459399999999999409e+01
2.600000000000000000e+01 5.496200000000000330e+01 -8.617499999999999716e+01
2.600000000000000000e+01 5.535600000000000165e+01 -8.317199999999999704e+01
2.600000000000000000e+01 5.304999999999999716e+01 -8.329800000000000182e+01
2.600000000000000000e+01 5.291100000000000136e+01 -8.490699999999999648e+01
2.600000000000000000e+01 5.309000000000000341e+01 -8.349500000000000455e+01
2.600000000000000000e+01 5.469599999999999795e+01 -8.513200000000000500e+01
2.600000000000000000e+01 5.527900000000000347e+01 -8.347499999999999432e+01
2.600000000000000000e+01 5.635900000000000176e+01 -8.473799999999999955e+01
2.700000000000000000e+01 5.529299999999999926e+01 -8.419199999999999307e+01
2.700000000000000000e+01 5.478499999999999659e+01 -8.398600000000000421e+01
2.700000000000000000e+01 5.485499999999999687e+01 -8.530200000000000671e+01
2.700000000000000000e+01 5.395900000000000318e+01 -8.563100000000000023e+01
2.700000000000000000e+01 5.564099999999999824e+01 -8.297400000000000375e+01
2.700000000000000000e+01 5.549099999999999966e+01 -8.153799999999999670e+01
2.700000000000000000e+01 5.557099999999999795e+01 -8.054800000000000182e+01
2.700000000000000000e+01 5.592699999999999960e+01 -7.914199999999999591e+01
2.700000000000000000e+01 5.484000000000000341e+01 -7.864100000000000534e+01
2.700000000000000000e+01 5.607399999999999807e+01 -8.368500000000000227e+01
2.700000000000000000e+01 5.376400000000000290e+01 -8.364100000000000534e+01
2.700000000000000000e+01 5.667799999999999727e+01 -8.327200000000000557e+01
2.700000000000000000e+01 5.533200000000000074e+01 -8.299899999999999523e+01
2.700000000000000000e+01 5.453900000000000148e+01 -8.139300000000000068e+01
2.700000000000000000e+01 5.631000000000000227e+01 -8.128199999999999648e+01
2.700000000000000000e+01 5.632699999999999818e+01 -8.087600000000000477e+01
2.700000000000000000e+01 5.461899999999999977e+01 -8.051399999999999579e+01
2.700000000000000000e+01 5.685600000000000165e+01 -7.918000000000000682e+01
2.700000000000000000e+01 5.603799999999999670e+01 -7.847700000000000387e+01
2.700000000000000000e+01 5.518599999999999994e+01 -7.782999999999999829e+01
2.700000000000000000e+01 5.454599999999999937e+01 -7.940000000000000568e+01
2.700000000000000000e+01 5.402900000000000347e+01 -7.834499999999999886e+01
2.800000000000000000e+01 5.594500000000000028e+01 -8.603700000000000614e+01
2.800000000000000000e+01 5.613600000000000279e+01 -8.730500000000000682e+01
2.800000000000000000e+01 5.503799999999999670e+01 -8.828900000000000148e+01
2.800000000000000000e+01 5.454800000000000182e+01 -8.904300000000000637e+01
2.800000000000000000e+01 5.751599999999999824e+01 -8.789100000000000534e+01
2.800000000000000000e+01 5.663499999999999801e+01 -8.571599999999999397e+01
2.800000000000000000e+01 5.607200000000000273e+01 -8.712399999999999523e+01
2.800000000000000000e+01 5.827900000000000347e+01 -8.717700000000000671e+01
2.800000000000000000e+01 5.765699999999999648e+01 -8.879999999999999716e+01
2.800000000000000000e+01 5.758500000000000085e+01 -8.810999999999999943e+01
2.900000000000000000e+01 5.464099999999999824e+01 -8.826500000000000057e+01
2.900000000000000000e+01 5.358100000000000307e+01 -8.914900000000000091e+01
2.900000000000000000e+01 5.225999999999999801e+01 -8.877500000000000568e+01
2.900000000000000000e+01 5.149799999999999756e+01 -8.964799999999999613e+01
2.900000000000000000e+01 5.342999999999999972e+01 -8.903900000000000148e+01
2.900000000000000000e+01 5.464500000000000313e+01 -8.966599999999999682e+01
2.900000000000000000e+01 5.448299999999999699e+01 -8.954999999999999716e+01
2.900000000000000000e+01 5.569400000000000261e+01 -9.017400000000000659e+01
2.900000000000000000e+01 5.537100000000000222e+01 -9.157699999999999818e+01
2.900000000000000000e+01 5.505299999999999727e+01 -8.762999999999999545e+01
2.900000000000000000e+01 5.383200000000000074e+01 -9.016500000000000625e+01
2.900000000000000000e+01 5.335199999999999676e+01 -8.799899999999999523e+01
2.900000000000000000e+01 5.253600000000000136e+01 -8.956000000000000227e+01
2.900000000000000000e+01 5.472099999999999653e+01 -9.070699999999999363e+01
2.900000000000000000e+01 5.553999999999999915e+01 -8.914400000000000546e+01
2.900000000000000000e+01 5.439900000000000091e+01 -8.850499999999999545e+01
2.900000000000000000e+01 5.358400000000000318e+01 -9.006699999999999307e+01
2.900000000000000000e+01 5.656000000000000227e+01 -9.017199999999999704e+01
2.900000000000000000e+01 5.591599999999999682e+01 -8.959999999999999432e+01
2.900000000000000000e+01 5.445000000000000284e+01 -9.160200000000000387e+01
2.900000000000000000e+01 5.610799999999999699e+01 -9.193800000000000239e+01
2.900000000000000000e+01 5.532900000000000063e+01 -9.217100000000000648e+01
3.000000000000000000e+01 5.202199999999999847e+01 -8.746399999999999864e+01
3.000000000000000000e+01 5.081700000000000017e+01 -8.697899999999999920e+01
3.000000000000000000e+01 5.084400000000000119e+01 -8.741599999999999682e+01
3.000000000000000000e+01 4.981700000000000017e+01 -8.780400000000000205e+01
3.000000000000000000e+01 5.069800000000000040e+01 -8.545600000000000307e+01
3.000000000000000000e+01 5.036599999999999966e+01 -8.513400000000000034e+01
3.000000000000000000e+01 4.958100000000000307e+01 -8.494700000000000273e+01
3.000000000000000000e+01 5.019899999999999807e+01 -8.362699999999999534e+01
3.000000000000000000e+01 5.268299999999999983e+01 -8.681399999999999295e+01
3.000000000000000000e+01 4.993599999999999994e+01 -8.742799999999999727e+01
3.000000000000000000e+01 5.163799999999999812e+01 -8.499699999999999989e+01
3.000000000000000000e+01 4.944700000000000273e+01 -8.563100000000000023e+01
3.000000000000000000e+01 5.117099999999999937e+01 -8.549200000000000443e+01
3.000000000000000000e+01 4.990100000000000335e+01 -8.502899999999999636e+01
3.000000000000000000e+01 4.935799999999999699e+01 -8.391500000000000625e+01
3.000000000000000000e+01 4.869299999999999784e+01 -8.554399999999999693e+01
3.000000000000000000e+01 4.919299999999999784e+01 -8.333899999999999864e+01
3.000000000000000000e+01 5.090999999999999659e+01 -8.309499999999999886e+01
3.000000000000000000e+01 5.036699999999999733e+01 -8.338599999999999568e+01
3.100000000000000000e+01 5.201299999999999812e+01 -8.735899999999999466e+01
3.100000000000000000e+01 5.213400000000000034e+01 -8.776200000000000045e+01
3.100000000000000000e+01 5.172599999999999909e+01 -8.922199999999999420e+01
3.100000000000000000e+01 5.101500000000000057e+01 -8.960099999999999909e+01
3.100000000000000000e+01 5.359599999999999653e+01 -8.760399999999999920e+01
3.100000000000000000e+01 5.376599999999999824e+01 -8.805599999999999739e+01
3.100000000000000000e+01 5.521300000000000097e+01 -8.786100000000000421e+01
3.100000000000000000e+01 5.605199999999999960e+01 -8.743699999999999761e+01
3.100000000000000000e+01 5.555799999999999983e+01 -8.814700000000000557e+01
3.100000000000000000e+01 5.281000000000000227e+01 -8.704099999999999682e+01
3.100000000000000000e+01 5.149600000000000222e+01 -8.714000000000000057e+01
3.100000000000000000e+01 5.388199999999999790e+01 -8.656399999999999295e+01
3.100000000000000000e+01 5.422500000000000142e+01 -8.820000000000000284e+01
3.100000000000000000e+01 5.350900000000000034e+01 -8.910200000000000387e+01
3.100000000000000000e+01 5.311899999999999977e+01 -8.747299999999999898e+01
3.100000000000000000e+01 5.488900000000000290e+01 -8.848399999999999466e+01
3.100000000000000000e+01 5.648599999999999710e+01 -8.802200000000000557e+01
3.200000000000000000e+01 5.220600000000000307e+01 -9.002500000000000568e+01
3.200000000000000000e+01 5.191199999999999903e+01 -9.144799999999999329e+01
3.200000000000000000e+01 5.040599999999999881e+01 -9.169199999999999307e+01
3.200000000000000000e+01 4.987100000000000222e+01 -9.258700000000000330e+01
3.200000000000000000e+01 5.262400000000000233e+01 -9.215000000000000568e+01
3.200000000000000000e+01 5.236899999999999977e+01 -9.365500000000000114e+01
3.200000000000000000e+01 5.140999999999999659e+01 -9.405899999999999750e+01
3.200000000000000000e+01 5.314099999999999824e+01 -9.438299999999999557e+01
3.200000000000000000e+01 5.278999999999999915e+01 -8.965399999999999636e+01
3.200000000000000000e+01 5.227600000000000335e+01 -9.185800000000000409e+01
3.200000000000000000e+01 5.368599999999999994e+01 -9.196599999999999397e+01
3.200000000000000000e+01 5.225600000000000023e+01 -9.175499999999999545e+01
3.300000000000000000e+01 4.973799999999999955e+01 -9.092300000000000182e+01
3.300000000000000000e+01 4.830100000000000193e+01 -9.109300000000000352e+01
3.300000000000000000e+01 4.741199999999999903e+01 -9.041400000000000148e+01
3.300000000000000000e+01 4.635799999999999699e+01 -9.095000000000000284e+01
3.300000000000000000e+01 4.791400000000000148e+01 -9.052200000000000557e+01
3.300000000000000000e+01 4.875699999999999790e+01 -9.116599999999999682e+01
3.300000000000000000e+01 4.785199999999999676e+01 -9.154399999999999693e+01
3.300000000000000000e+01 4.870799999999999841e+01 -9.204999999999999716e+01
3.300000000000000000e+01 4.782999999999999829e+01 -9.237199999999999989e+01
3.300000000000000000e+01 5.022599999999999909e+01 -9.025400000000000489e+01
3.300000000000000000e+01 4.807399999999999807e+01 -9.214600000000000080e+01
3.300000000000000000e+01 4.808100000000000307e+01 -8.945399999999999352e+01
3.300000000000000000e+01 4.686500000000000199e+01 -9.070600000000000307e+01
3.300000000000000000e+01 4.925300000000000011e+01 -9.205599999999999739e+01
3.300000000000000000e+01 4.949799999999999756e+01 -9.046200000000000330e+01
3.300000000000000000e+01 4.729099999999999682e+01 -9.067600000000000193e+01
3.300000000000000000e+01 4.717000000000000171e+01 -9.232200000000000273e+01
3.300000000000000000e+01 4.924199999999999733e+01 -9.293699999999999761e+01
3.300000000000000000e+01 4.941400000000000148e+01 -9.128499999999999659e+01
3.300000000000000000e+01 4.700999999999999801e+01 -9.292100000000000648e+01
3.300000000000000000e+01 4.750300000000000011e+01 -9.148900000000000432e+01
3.300000000000000000e+01 4.836299999999999955e+01 -9.293300000000000693e+01
3.400000000000000000e+01 4.777100000000000080e+01 -8.920199999999999818e+01
3.400000000000000000e+01 4.690500000000000114e+01 -8.844100000000000250e+01
3.400000000000000000e+01 4.743099999999999739e+01 -8.827100000000000080e+01
3.400000000000000000e+01 4.666700000000000159e+01 -8.793300000000000693e+01
3.400000000000000000e+01 4.665100000000000335e+01 -8.706600000000000250e+01
3.400000000000000000e+01 4.583899999999999864e+01 -8.725799999999999557e+01
3.400000000000000000e+01 4.441400000000000148e+01 -8.769299999999999784e+01
3.400000000000000000e+01 4.399300000000000210e+01 -8.747599999999999909e+01
3.400000000000000000e+01 4.376599999999999824e+01 -8.823900000000000432e+01
3.400000000000000000e+01 4.858100000000000307e+01 -8.877899999999999636e+01
3.400000000000000000e+01 4.595000000000000284e+01 -8.893899999999999295e+01
3.400000000000000000e+01 4.760099999999999909e+01 -8.660800000000000409e+01
3.400000000000000000e+01 4.611899999999999977e+01 -8.644700000000000273e+01
3.400000000000000000e+01 4.633400000000000318e+01 -8.804200000000000159e+01
3.400000000000000000e+01 4.582200000000000273e+01 -8.633799999999999386e+01
3.500000000000000000e+01 4.871500000000000341e+01 -8.853700000000000614e+01
3.500000000000000000e+01 4.929299999999999926e+01 -8.843999999999999773e+01
3.500000000000000000e+01 4.968099999999999739e+01 -8.700700000000000500e+01
3.500000000000000000e+01 4.998100000000000165e+01 -8.672599999999999909e+01
3.500000000000000000e+01 4.928699999999999903e+01 -8.882500000000000284e+01
3.500000000000000000e+01 5.017399999999999949e+01 -8.906199999999999761e+01
3.500000000000000000e+01 4.857300000000000040e+01 -8.879900000000000659e+01
3.600000000000000000e+01 4.966499999999999915e+01 -8.611400000000000432e+01
3.600000000000000000e+01 5.000999999999999801e+01 -8.470999999999999375e+01
3.600000000000000000e+01 5.153499999999999659e+01 -8.452100000000000080e+01
3.600000000000000000e+01 5.208700000000000330e+01 -8.473199999999999932e+01
3.600000000000000000e+01 4.932399999999999807e+01 -8.383199999999999363e+01
3.600000000000000000e+01 4.781199999999999761e+01 -8.415300000000000580e+01
3.600000000000000000e+01 4.950699999999999790e+01 -8.235299999999999443e+01
3.600000000000000000e+01 4.727100000000000080e+01 -8.377400000000000091e+01
3.600000000000000000e+01 4.940100000000000335e+01 -8.639499999999999602e+01
3.600000000000000000e+01 4.965699999999999648e+01 -8.441700000000000159e+01
3.600000000000000000e+01 4.978199999999999648e+01 -8.401800000000000068e+01
3.600000000000000000e+01 4.728199999999999648e+01 -8.359300000000000352e+01
3.600000000000000000e+01 4.764999999999999858e+01 -8.520699999999999363e+01
3.600000000000000000e+01 4.885199999999999676e+01 -8.210999999999999943e+01
3.600000000000000000e+01 5.053000000000000114e+01 -8.217000000000000171e+01
3.600000000000000000e+01 4.925800000000000267e+01 -8.173600000000000421e+01
3.600000000000000000e+01 4.783100000000000307e+01 -8.429300000000000637e+01
3.600000000000000000e+01 4.622899999999999920e+01 -8.405200000000000671e+01
3.600000000000000000e+01 4.736800000000000210e+01 -8.270799999999999841e+01
3.700000000000000000e+01 5.224300000000000210e+01 -8.413200000000000500e+01
3.700000000000000000e+01 5.372399999999999665e+01 -8.393899999999999295e+01
3.700000000000000000e+01 5.410600000000000165e+01 -8.288599999999999568e+01
3.700000000000000000e+01 5.348799999999999955e+01 -8.182399999999999807e+01
3.700000000000000000e+01 5.415400000000000347e+01 -8.348900000000000432e+01
3.700000000000000000e+01 5.302400000000000091e+01 -8.387300000000000466e+01
3.700000000000000000e+01 5.175200000000000244e+01 -8.385099999999999909e+01
3.700000000000000000e+01 5.416299999999999670e+01 -8.487900000000000489e+01
3.700000000000000000e+01 5.430400000000000205e+01 -8.241500000000000625e+01
3.700000000000000000e+01 5.506000000000000227e+01 -8.399699999999999989e+01
3.700000000000000000e+01 5.294299999999999784e+01 -8.317100000000000648e+01
3.700000000000000000e+01 5.317900000000000205e+01 -8.487099999999999511e+01
3.700000000000000000e+01 5.127499999999999858e+01 -8.287900000000000489e+01
3.700000000000000000e+01 5.107900000000000063e+01 -8.462600000000000477e+01
3.800000000000000000e+01 5.510000000000000142e+01 -8.315699999999999648e+01
3.800000000000000000e+01 5.553099999999999881e+01 -8.220099999999999341e+01
3.800000000000000000e+01 5.576500000000000057e+01 -8.076000000000000512e+01
3.800000000000000000e+01 5.557600000000000051e+01 -7.982200000000000273e+01
3.800000000000000000e+01 5.684799999999999898e+01 -8.279600000000000648e+01
3.800000000000000000e+01 5.675500000000000256e+01 -8.425600000000000023e+01
3.800000000000000000e+01 5.591400000000000148e+01 -8.439900000000000091e+01
3.800000000000000000e+01 5.478099999999999881e+01 -8.216299999999999670e+01
3.800000000000000000e+01 5.769200000000000017e+01 -8.236599999999999966e+01
3.800000000000000000e+01 5.694700000000000273e+01 -8.262399999999999523e+01
3.800000000000000000e+01 5.774300000000000210e+01 -8.467499999999999716e+01
3.800000000000000000e+01 5.625800000000000267e+01 -8.476000000000000512e+01
3.800000000000000000e+01 5.654899999999999949e+01 -8.446999999999999886e+01
3.800000000000000000e+01 5.527700000000000102e+01 -8.526399999999999579e+01
3.900000000000000000e+01 5.619700000000000273e+01 -8.056799999999999784e+01
3.900000000000000000e+01 5.646500000000000341e+01 -7.921200000000000330e+01
3.900000000000000000e+01 5.517999999999999972e+01 -7.841200000000000614e+01
3.900000000000000000e+01 5.522299999999999898e+01 -7.718800000000000239e+01
3.900000000000000000e+01 5.729099999999999682e+01 -7.925300000000000011e+01
3.900000000000000000e+01 5.871300000000000097e+01 -7.972100000000000364e+01
3.900000000000000000e+01 5.916400000000000148e+01 -7.951600000000000534e+01
3.900000000000000000e+01 5.932900000000000063e+01 -8.028199999999999648e+01
3.900000000000000000e+01 5.636399999999999721e+01 -8.134199999999999875e+01
3.900000000000000000e+01 5.705100000000000193e+01 -7.871800000000000352e+01
3.900000000000000000e+01 5.683200000000000074e+01 -7.993500000000000227e+01
3.900000000000000000e+01 5.731700000000000017e+01 -7.824699999999999989e+01
4.000000000000000000e+01 5.403799999999999670e+01 -7.909799999999999898e+01
4.000000000000000000e+01 5.275200000000000244e+01 -7.841899999999999693e+01
4.000000000000000000e+01 5.199099999999999966e+01 -7.823300000000000409e+01
4.000000000000000000e+01 5.086200000000000188e+01 -7.774299999999999500e+01
4.000000000000000000e+01 5.188100000000000023e+01 -7.921599999999999397e+01
4.000000000000000000e+01 5.249000000000000199e+01 -7.915000000000000568e+01
4.000000000000000000e+01 5.159300000000000352e+01 -7.987600000000000477e+01
4.000000000000000000e+01 5.089900000000000091e+01 -8.082599999999999341e+01
4.000000000000000000e+01 5.156300000000000239e+01 -7.948199999999999932e+01
4.000000000000000000e+01 5.405400000000000205e+01 -8.007099999999999795e+01
4.000000000000000000e+01 5.293699999999999761e+01 -7.744100000000000250e+01
4.000000000000000000e+01 5.182800000000000296e+01 -8.024299999999999500e+01
4.000000000000000000e+01 5.088799999999999812e+01 -7.879500000000000171e+01
4.000000000000000000e+01 5.259100000000000108e+01 -7.811299999999999955e+01
4.000000000000000000e+01 5.346300000000000097e+01 -7.961499999999999488e+01
4.000000000000000000e+01 5.211500000000000199e+01 -7.872400000000000375e+01
4.000000000000000000e+01 5.098799999999999955e+01 -7.994299999999999784e+01
4.100000000000000000e+01 5.259400000000000119e+01 -7.866100000000000136e+01
4.100000000000000000e+01 5.193900000000000006e+01 -7.857399999999999807e+01
4.100000000000000000e+01 5.253499999999999659e+01 -7.750600000000000023e+01
4.100000000000000000e+01 5.375200000000000244e+01 -7.736599999999999966e+01
4.100000000000000000e+01 5.206400000000000006e+01 -7.993200000000000216e+01
4.100000000000000000e+01 5.111800000000000210e+01 -8.094199999999999307e+01
4.100000000000000000e+01 5.121000000000000085e+01 -8.226800000000000068e+01
4.100000000000000000e+01 5.084100000000000108e+01 -8.234699999999999420e+01
4.100000000000000000e+01 5.168599999999999994e+01 -8.331900000000000261e+01
4.100000000000000000e+01 5.348199999999999932e+01 -7.906999999999999318e+01
4.100000000000000000e+01 5.088700000000000045e+01 -7.836499999999999488e+01
4.100000000000000000e+01 5.307399999999999807e+01 -8.028700000000000614e+01
4.100000000000000000e+01 5.182699999999999818e+01 -7.983100000000000307e+01
4.100000000000000000e+01 5.010699999999999932e+01 -8.056900000000000261e+01
4.100000000000000000e+01 5.140699999999999648e+01 -8.110500000000000398e+01
4.100000000000000000e+01 5.198100000000000165e+01 -8.325199999999999534e+01
4.100000000000000000e+01 5.174699999999999989e+01 -8.417400000000000659e+01
4.200000000000000000e+01 5.163600000000000279e+01 -7.680899999999999750e+01
4.200000000000000000e+01 5.201100000000000279e+01 -7.579800000000000182e+01
4.200000000000000000e+01 5.131900000000000261e+01 -7.614400000000000546e+01
4.200000000000000000e+01 5.009899999999999665e+01 -7.628499999999999659e+01
4.200000000000000000e+01 5.159199999999999875e+01 -7.439300000000000068e+01
4.200000000000000000e+01 5.248599999999999710e+01 -7.390200000000000102e+01
4.200000000000000000e+01 5.204299999999999926e+01 -7.249699999999999989e+01
4.200000000000000000e+01 5.287899999999999778e+01 -7.199500000000000455e+01
4.200000000000000000e+01 5.299499999999999744e+01 -7.069100000000000250e+01
4.200000000000000000e+01 5.223499999999999943e+01 -6.984600000000000364e+01
4.200000000000000000e+01 5.386800000000000210e+01 -7.025400000000000489e+01
4.200000000000000000e+01 5.068599999999999994e+01 -7.701099999999999568e+01
4.200000000000000000e+01 5.307600000000000051e+01 -7.581999999999999318e+01
4.200000000000000000e+01 5.057900000000000063e+01 -7.442300000000000182e+01
4.200000000000000000e+01 5.166599999999999682e+01 -7.371500000000000341e+01
4.200000000000000000e+01 5.351200000000000045e+01 -7.387800000000000011e+01
4.200000000000000000e+01 5.239200000000000301e+01 -7.456799999999999784e+01
4.200000000000000000e+01 5.101500000000000057e+01 -7.253000000000000114e+01
4.200000000000000000e+01 5.212199999999999989e+01 -7.183599999999999852e+01
4.200000000000000000e+01 5.336299999999999955e+01 -7.262999999999999545e+01
4.200000000000000000e+01 5.156499999999999773e+01 -7.018000000000000682e+01
4.200000000000000000e+01 5.232300000000000040e+01 -6.886400000000000432e+01
4.200000000000000000e+01 5.445000000000000284e+01 -7.090099999999999625e+01
4.200000000000000000e+01 5.395400000000000063e+01 -6.927299999999999613e+01
4.300000000000000000e+01 5.208899999999999864e+01 -7.629900000000000659e+01
4.300000000000000000e+01 5.152400000000000091e+01 -7.665200000000000102e+01
4.300000000000000000e+01 5.152300000000000324e+01 -7.544899999999999807e+01
4.300000000000000000e+01 5.253300000000000125e+01 -7.476500000000000057e+01
4.300000000000000000e+01 5.234000000000000341e+01 -7.780299999999999727e+01
4.300000000000000000e+01 5.213000000000000256e+01 -7.911400000000000432e+01
4.300000000000000000e+01 5.312599999999999767e+01 -8.015099999999999625e+01
4.300000000000000000e+01 5.069800000000000040e+01 -7.963899999999999579e+01
4.300000000000000000e+01 5.305899999999999750e+01 -7.618300000000000693e+01
4.300000000000000000e+01 5.050300000000000011e+01 -7.697100000000000364e+01
4.300000000000000000e+01 5.339000000000000057e+01 -7.754699999999999704e+01
4.300000000000000000e+01 5.200500000000000256e+01 -7.792300000000000182e+01
4.300000000000000000e+01 5.230499999999999972e+01 -7.894599999999999795e+01
4.300000000000000000e+01 5.295499999999999829e+01 -8.109699999999999420e+01
4.300000000000000000e+01 5.299199999999999733e+01 -8.027100000000000080e+01
4.300000000000000000e+01 5.413400000000000034e+01 -7.981799999999999784e+01
4.300000000000000000e+01 5.066299999999999670e+01 -8.069599999999999795e+01
4.300000000000000000e+01 5.001800000000000068e+01 -7.911899999999999977e+01
4.300000000000000000e+01 5.039999999999999858e+01 -7.948300000000000409e+01
4.400000000000000000e+01 5.036200000000000188e+01 -7.520199999999999818e+01
4.400000000000000000e+01 5.018800000000000239e+01 -7.407999999999999829e+01
4.400000000000000000e+01 4.970499999999999829e+01 -7.457800000000000296e+01
4.400000000000000000e+01 4.881300000000000239e+01 -7.542199999999999704e+01
4.400000000000000000e+01 4.915699999999999648e+01 -7.307699999999999818e+01
4.400000000000000000e+01 4.981099999999999994e+01 -7.213400000000000034e+01
4.400000000000000000e+01 4.855100000000000193e+01 -7.221099999999999852e+01
4.400000000000000000e+01 4.968999999999999773e+01 -7.270999999999999375e+01
4.400000000000000000e+01 4.959599999999999653e+01 -7.578300000000000125e+01
4.400000000000000000e+01 5.113100000000000023e+01 -7.357500000000000284e+01
4.400000000000000000e+01 4.835799999999999699e+01 -7.363700000000000045e+01
4.400000000000000000e+01 4.931400000000000006e+01 -7.117499999999999716e+01
4.400000000000000000e+01 5.085099999999999909e+01 -7.198099999999999454e+01
4.400000000000000000e+01 4.806900000000000261e+01 -7.134399999999999409e+01
4.400000000000000000e+01 4.933500000000000085e+01 -7.189100000000000534e+01
4.400000000000000000e+01 4.782399999999999807e+01 -7.279200000000000159e+01
4.400000000000000000e+01 5.029599999999999937e+01 -7.360200000000000387e+01
4.400000000000000000e+01 5.004299999999999926e+01 -7.198099999999999454e+01
4.400000000000000000e+01 4.865999999999999659e+01 -7.295300000000000296e+01
4.500000000000000000e+01 5.028099999999999881e+01 -7.400199999999999534e+01
4.500000000000000000e+01 4.989300000000000068e+01 -7.433199999999999363e+01
4.500000000000000000e+01 4.985300000000000153e+01 -7.305400000000000205e+01
4.500000000000000000e+01 5.081900000000000261e+01 -7.229200000000000159e+01
4.500000000000000000e+01 5.086899999999999977e+01 -7.533100000000000307e+01
4.500000000000000000e+01 5.046999999999999886e+01 -7.560800000000000409e+01
4.500000000000000000e+01 4.940400000000000347e+01 -7.647299999999999898e+01
4.500000000000000000e+01 5.116899999999999693e+01 -7.500300000000000011e+01
4.500000000000000000e+01 4.903600000000000136e+01 -7.673199999999999932e+01
4.500000000000000000e+01 5.080100000000000193e+01 -7.526200000000000045e+01
4.500000000000000000e+01 4.973400000000000176e+01 -7.612600000000000477e+01
4.500000000000000000e+01 5.096200000000000330e+01 -7.331600000000000250e+01
4.500000000000000000e+01 4.889999999999999858e+01 -7.476999999999999602e+01
4.500000000000000000e+01 5.083899999999999864e+01 -7.625199999999999534e+01
4.500000000000000000e+01 5.186599999999999966e+01 -7.492499999999999716e+01
4.500000000000000000e+01 4.886399999999999721e+01 -7.693899999999999295e+01
4.500000000000000000e+01 5.199199999999999733e+01 -7.433599999999999852e+01
4.500000000000000000e+01 4.821300000000000097e+01 -7.739900000000000091e+01
4.500000000000000000e+01 5.133899999999999864e+01 -7.479500000000000171e+01
4.500000000000000000e+01 4.945000000000000284e+01 -7.632599999999999341e+01
4.600000000000000000e+01 4.873100000000000165e+01 -7.282299999999999329e+01
4.600000000000000000e+01 4.856199999999999761e+01 -7.163500000000000512e+01
4.600000000000000000e+01 4.894599999999999795e+01 -7.036799999999999500e+01
4.600000000000000000e+01 4.950000000000000000e+01 -6.942799999999999727e+01
4.600000000000000000e+01 4.938000000000000256e+01 -7.177299999999999613e+01
4.600000000000000000e+01 4.800000000000000000e+01 -7.347199999999999420e+01
4.600000000000000000e+01 4.751899999999999835e+01 -7.156300000000000239e+01
4.600000000000000000e+01 4.893299999999999983e+01 -7.252599999999999625e+01
4.600000000000000000e+01 4.939399999999999835e+01 -7.082699999999999818e+01
4.600000000000000000e+01 5.039099999999999824e+01 -7.206399999999999295e+01
4.700000000000000000e+01 4.858599999999999852e+01 -7.033199999999999363e+01
4.700000000000000000e+01 4.883400000000000318e+01 -6.914900000000000091e+01
4.700000000000000000e+01 5.025200000000000244e+01 -6.904800000000000182e+01
4.700000000000000000e+01 5.055400000000000205e+01 -6.807699999999999818e+01
4.700000000000000000e+01 4.810300000000000153e+01 -7.109099999999999397e+01
4.700000000000000000e+01 4.814000000000000057e+01 -6.914000000000000057e+01
4.700000000000000000e+01 4.864699999999999847e+01 -6.827299999999999613e+01
4.800000000000000000e+01 5.113300000000000267e+01 -7.001500000000000057e+01
4.800000000000000000e+01 5.251599999999999824e+01 -6.994899999999999807e+01
4.800000000000000000e+01 5.279399999999999693e+01 -7.104500000000000171e+01
4.800000000000000000e+01 5.239099999999999824e+01 -7.219299999999999784e+01
4.800000000000000000e+01 5.350500000000000256e+01 -7.012900000000000489e+01
4.800000000000000000e+01 5.314900000000000091e+01 -6.918500000000000227e+01
4.800000000000000000e+01 5.414699999999999847e+01 -6.936799999999999500e+01
4.800000000000000000e+01 5.400999999999999801e+01 -7.077200000000000557e+01
4.800000000000000000e+01 5.453199999999999648e+01 -7.076099999999999568e+01
4.800000000000000000e+01 5.087100000000000222e+01 -7.076200000000000045e+01
4.800000000000000000e+01 5.269500000000000028e+01 -6.898799999999999955e+01
4.800000000000000000e+01 5.345000000000000284e+01 -7.115699999999999648e+01
4.800000000000000000e+01 5.451100000000000279e+01 -6.992499999999999716e+01
4.800000000000000000e+01 5.318999999999999773e+01 -6.816100000000000136e+01
4.800000000000000000e+01 5.215200000000000102e+01 -6.940099999999999625e+01
4.800000000000000000e+01 5.515200000000000102e+01 -6.923699999999999477e+01
4.800000000000000000e+01 5.395000000000000284e+01 -6.862999999999999545e+01
4.800000000000000000e+01 5.297099999999999653e+01 -7.106900000000000261e+01
4.800000000000000000e+01 5.457999999999999829e+01 -7.147499999999999432e+01
4.800000000000000000e+01 5.464000000000000057e+01 -6.977899999999999636e+01
4.800000000000000000e+01 5.545600000000000307e+01 -7.123999999999999488e+01
4.800000000000000000e+01 5.386500000000000199e+01 -7.125700000000000500e+01
4.900000000000000000e+01 5.351899999999999835e+01 -7.068399999999999750e+01
4.900000000000000000e+01 5.388199999999999790e+01 -7.165300000000000580e+01
4.900000000000000000e+01 5.506700000000000017e+01 -7.246299999999999386e+01
4.900000000000000000e+01 5.605599999999999739e+01 -7.189700000000000557e+01
4.900000000000000000e+01 5.423299999999999699e+01 -7.090500000000000114e+01
4.900000000000000000e+01 5.431099999999999994e+01 -7.188400000000000034e+01
4.900000000000000000e+01 5.441299999999999670e+01 -7.111400000000000432e+01
4.900000000000000000e+01 5.340599999999999881e+01 -7.063299999999999557e+01
4.900000000000000000e+01 5.557699999999999818e+01 -7.096999999999999886e+01
4.900000000000000000e+01 5.383899999999999864e+01 -6.976000000000000512e+01
4.900000000000000000e+01 5.304599999999999937e+01 -7.231799999999999784e+01
4.900000000000000000e+01 5.346099999999999852e+01 -7.016899999999999693e+01
4.900000000000000000e+01 5.518299999999999983e+01 -7.040600000000000591e+01
4.900000000000000000e+01 5.517900000000000205e+01 -7.251500000000000057e+01
4.900000000000000000e+01 5.342199999999999704e+01 -7.249699999999999989e+01
4.900000000000000000e+01 5.637800000000000011e+01 -7.135599999999999454e+01
4.900000000000000000e+01 5.565100000000000335e+01 -7.047499999999999432e+01
5.000000000000000000e+01 5.495900000000000318e+01 -7.378600000000000136e+01
5.000000000000000000e+01 5.602499999999999858e+01 -7.465800000000000125e+01
5.000000000000000000e+01 5.707900000000000063e+01 -7.492199999999999704e+01
5.000000000000000000e+01 5.674799999999999756e+01 -7.515900000000000603e+01
5.000000000000000000e+01 5.541899999999999693e+01 -7.598300000000000409e+01
5.000000000000000000e+01 5.425500000000000256e+01 -7.571099999999999852e+01
5.000000000000000000e+01 5.360199999999999676e+01 -7.703799999999999670e+01
5.000000000000000000e+01 5.476800000000000068e+01 -7.499399999999999977e+01
5.000000000000000000e+01 5.414300000000000068e+01 -7.418399999999999750e+01
5.000000000000000000e+01 5.650600000000000023e+01 -7.419199999999999307e+01
5.000000000000000000e+01 5.506199999999999761e+01 -7.654900000000000659e+01
5.000000000000000000e+01 5.618099999999999739e+01 -7.655400000000000205e+01
5.000000000000000000e+01 5.352700000000000102e+01 -7.509000000000000341e+01
5.000000000000000000e+01 5.432099999999999795e+01 -7.765600000000000591e+01
5.000000000000000000e+01 5.325399999999999778e+01 -7.754699999999999704e+01
5.000000000000000000e+01 5.276700000000000301e+01 -7.684600000000000364e+01
5.000000000000000000e+01 5.486399999999999721e+01 -7.393800000000000239e+01
5.000000000000000000e+01 5.572599999999999909e+01 -7.539400000000000546e+01
5.000000000000000000e+01 5.407399999999999807e+01 -7.513899999999999579e+01
5.100000000000000000e+01 5.835999999999999943e+01 -7.486100000000000421e+01
5.100000000000000000e+01 5.946500000000000341e+01 -7.507999999999999829e+01
5.100000000000000000e+01 5.989000000000000057e+01 -7.654800000000000182e+01
5.100000000000000000e+01 5.974499999999999744e+01 -7.729099999999999682e+01
5.100000000000000000e+01 6.066400000000000148e+01 -7.420099999999999341e+01
5.100000000000000000e+01 6.032999999999999829e+01 -7.273699999999999477e+01
5.100000000000000000e+01 6.151899999999999835e+01 -7.184999999999999432e+01
5.100000000000000000e+01 6.244599999999999795e+01 -7.235399999999999920e+01
5.100000000000000000e+01 6.148400000000000176e+01 -7.067900000000000205e+01
5.100000000000000000e+01 5.856499999999999773e+01 -7.464900000000000091e+01
5.100000000000000000e+01 5.911500000000000199e+01 -7.480800000000000693e+01
5.100000000000000000e+01 6.089900000000000091e+01 -7.432800000000000296e+01
5.100000000000000000e+01 6.151400000000000290e+01 -7.449200000000000443e+01
5.100000000000000000e+01 6.011099999999999710e+01 -7.263800000000000523e+01
5.100000000000000000e+01 5.946600000000000108e+01 -7.242900000000000205e+01
5.200000000000000000e+01 6.037700000000000244e+01 -7.695399999999999352e+01
5.200000000000000000e+01 6.078000000000000114e+01 -7.834399999999999409e+01
5.200000000000000000e+01 6.203499999999999659e+01 -7.875700000000000500e+01
5.200000000000000000e+01 6.227799999999999869e+01 -7.995000000000000284e+01
5.200000000000000000e+01 6.100800000000000267e+01 -7.856699999999999307e+01
5.200000000000000000e+01 5.967999999999999972e+01 -7.846399999999999864e+01
5.200000000000000000e+01 5.874699999999999989e+01 -7.793800000000000239e+01
5.200000000000000000e+01 5.961500000000000199e+01 -7.891200000000000614e+01
5.200000000000000000e+01 6.043699999999999761e+01 -7.632599999999999341e+01
5.200000000000000000e+01 5.998599999999999710e+01 -7.898900000000000432e+01
5.200000000000000000e+01 6.168900000000000006e+01 -7.782800000000000296e+01
5.200000000000000000e+01 6.141400000000000148e+01 -7.954800000000000182e+01
5.300000000000000000e+01 6.284000000000000341e+01 -7.779600000000000648e+01
5.300000000000000000e+01 6.407099999999999795e+01 -7.811799999999999500e+01
5.300000000000000000e+01 6.387100000000000222e+01 -7.810999999999999943e+01
5.300000000000000000e+01 6.482899999999999352e+01 -7.830700000000000216e+01
5.300000000000000000e+01 6.261699999999999733e+01 -7.685899999999999466e+01
5.300000000000000000e+01 6.441899999999999693e+01 -7.909999999999999432e+01
5.300000000000000000e+01 6.482500000000000284e+01 -7.739000000000000057e+01
5.400000000000000000e+01 6.264399999999999835e+01 -7.789499999999999602e+01
5.400000000000000000e+01 6.236399999999999721e+01 -7.788200000000000500e+01
5.400000000000000000e+01 6.153699999999999903e+01 -7.911100000000000421e+01
5.400000000000000000e+01 6.097800000000000153e+01 -7.981100000000000705e+01
5.400000000000000000e+01 6.158400000000000318e+01 -7.661799999999999500e+01
5.400000000000000000e+01 6.238700000000000045e+01 -7.533799999999999386e+01
5.400000000000000000e+01 6.372899999999999920e+01 -7.533400000000000318e+01
5.400000000000000000e+01 6.427800000000000580e+01 -7.398199999999999932e+01
5.400000000000000000e+01 6.493899999999999295e+01 -7.348199999999999932e+01
5.400000000000000000e+01 6.560500000000000398e+01 -7.427500000000000568e+01
5.400000000000000000e+01 6.492300000000000182e+01 -7.219700000000000273e+01
5.400000000000000000e+01 6.190599999999999881e+01 -7.775199999999999534e+01
5.400000000000000000e+01 6.328799999999999670e+01 -7.789799999999999613e+01
5.400000000000000000e+01 6.069299999999999784e+01 -7.660299999999999443e+01
5.400000000000000000e+01 6.131199999999999761e+01 -7.664199999999999591e+01
5.400000000000000000e+01 6.253799999999999670e+01 -7.521399999999999864e+01
5.400000000000000000e+01 6.180400000000000205e+01 -7.449399999999999977e+01
5.400000000000000000e+01 6.357600000000000051e+01 -7.567300000000000182e+01
5.400000000000000000e+01 6.442799999999999727e+01 -7.598999999999999488e+01
5.400000000000000000e+01 6.415699999999999648e+01 -7.343099999999999739e+01
5.400000000000000000e+01 6.561899999999999977e+01 -7.525900000000000034e+01
5.400000000000000000e+01 6.609999999999999432e+01 -7.389600000000000080e+01
5.400000000000000000e+01 6.441400000000000148e+01 -7.158899999999999864e+01
5.400000000000000000e+01 6.542199999999999704e+01 -7.182099999999999795e+01
5.500000000000000000e+01 6.146500000000000341e+01 -7.937099999999999511e+01
5.500000000000000000e+01 6.069800000000000040e+01 -8.051699999999999591e+01
5.500000000000000000e+01 5.941100000000000136e+01 -8.006999999999999318e+01
5.500000000000000000e+01 5.921999999999999886e+01 -7.889499999999999602e+01
5.500000000000000000e+01 6.150099999999999767e+01 -8.130599999999999739e+01
5.500000000000000000e+01 6.176400000000000290e+01 -8.048300000000000409e+01
5.500000000000000000e+01 6.282099999999999795e+01 -8.177899999999999636e+01
5.500000000000000000e+01 6.192999999999999972e+01 -7.877700000000000102e+01
5.500000000000000000e+01 6.043999999999999773e+01 -8.117799999999999727e+01
5.500000000000000000e+01 6.092600000000000193e+01 -8.216899999999999693e+01
5.500000000000000000e+01 6.240400000000000347e+01 -7.981699999999999307e+01
5.500000000000000000e+01 6.262899999999999778e+01 -8.223799999999999955e+01
5.500000000000000000e+01 6.328199999999999648e+01 -8.250199999999999534e+01
5.500000000000000000e+01 6.348199999999999932e+01 -8.093500000000000227e+01
5.600000000000000000e+01 5.854500000000000171e+01 -8.105599999999999739e+01
5.600000000000000000e+01 5.727799999999999869e+01 -8.079699999999999704e+01
5.600000000000000000e+01 5.752799999999999869e+01 -8.020000000000000284e+01
5.600000000000000000e+01 5.682200000000000273e+01 -7.928000000000000114e+01
5.600000000000000000e+01 5.647500000000000142e+01 -8.209499999999999886e+01
5.600000000000000000e+01 5.610000000000000142e+01 -8.271500000000000341e+01
5.600000000000000000e+01 5.546399999999999864e+01 -8.408599999999999852e+01
5.600000000000000000e+01 5.509300000000000352e+01 -8.182299999999999329e+01
5.600000000000000000e+01 5.876800000000000068e+01 -8.197199999999999420e+01
5.600000000000000000e+01 5.668800000000000239e+01 -8.009600000000000364e+01
5.600000000000000000e+01 5.707200000000000273e+01 -8.280200000000000671e+01
5.600000000000000000e+01 5.557399999999999807e+01 -8.187900000000000489e+01
5.600000000000000000e+01 5.699399999999999977e+01 -8.284799999999999898e+01
5.600000000000000000e+01 5.469800000000000040e+01 -8.399599999999999511e+01
5.600000000000000000e+01 5.622099999999999653e+01 -8.477800000000000580e+01
5.600000000000000000e+01 5.502400000000000091e+01 -8.445099999999999341e+01
5.600000000000000000e+01 5.559799999999999898e+01 -8.097799999999999443e+01
5.600000000000000000e+01 5.434300000000000352e+01 -8.147700000000000387e+01
5.600000000000000000e+01 5.461500000000000199e+01 -8.239000000000000057e+01
5.700000000000000000e+01 5.850900000000000034e+01 -8.073600000000000421e+01
5.700000000000000000e+01 5.876500000000000057e+01 -8.022400000000000375e+01
5.700000000000000000e+01 5.917499999999999716e+01 -7.875400000000000489e+01
5.700000000000000000e+01 5.890699999999999648e+01 -7.801900000000000546e+01
5.700000000000000000e+01 5.982900000000000063e+01 -8.104800000000000182e+01
5.700000000000000000e+01 6.104699999999999704e+01 -8.098000000000000398e+01
5.700000000000000000e+01 5.903099999999999881e+01 -8.148499999999999943e+01
5.700000000000000000e+01 5.784199999999999875e+01 -8.029500000000000171e+01
5.700000000000000000e+01 5.997800000000000153e+01 -8.061899999999999977e+01
5.700000000000000000e+01 5.949300000000000210e+01 -8.207500000000000284e+01
5.700000000000000000e+01 6.159300000000000352e+01 -8.172499999999999432e+01
5.800000000000000000e+01 5.982399999999999807e+01 -7.832999999999999829e+01
5.800000000000000000e+01 6.026299999999999812e+01 -7.694199999999999307e+01
5.800000000000000000e+01 5.906300000000000239e+01 -7.599899999999999523e+01
5.800000000000000000e+01 5.916899999999999693e+01 -7.485599999999999454e+01
5.800000000000000000e+01 6.105400000000000205e+01 -7.673900000000000432e+01
5.800000000000000000e+01 6.238799999999999812e+01 -7.747199999999999420e+01
5.800000000000000000e+01 6.281499999999999773e+01 -7.776699999999999591e+01
5.800000000000000000e+01 6.296399999999999864e+01 -7.772899999999999920e+01
5.800000000000000000e+01 6.002499999999999858e+01 -7.896099999999999852e+01
5.800000000000000000e+01 6.090299999999999869e+01 -7.671399999999999864e+01
5.800000000000000000e+01 6.048499999999999943e+01 -7.711299999999999955e+01
5.800000000000000000e+01 6.123599999999999710e+01 -7.568600000000000705e+01
5.900000000000000000e+01 5.792000000000000171e+01 -7.648699999999999477e+01
5.900000000000000000e+01 5.669299999999999784e+01 -7.568399999999999750e+01
5.900000000000000000e+01 5.575800000000000267e+01 -7.602599999999999625e+01
5.900000000000000000e+01 5.458700000000000330e+01 -7.564600000000000080e+01
5.900000000000000000e+01 5.594700000000000273e+01 -7.591500000000000625e+01
5.900000000000000000e+01 5.670600000000000307e+01 -7.526600000000000534e+01
5.900000000000000000e+01 5.661399999999999721e+01 -7.388299999999999557e+01
5.900000000000000000e+01 5.749399999999999977e+01 -7.604099999999999682e+01
5.900000000000000000e+01 5.731199999999999761e+01 -7.327400000000000091e+01
5.900000000000000000e+01 5.818999999999999773e+01 -7.543300000000000693e+01
5.900000000000000000e+01 5.810000000000000142e+01 -7.405100000000000193e+01
5.900000000000000000e+01 5.878999999999999915e+01 -7.345499999999999829e+01
5.900000000000000000e+01 5.789500000000000313e+01 -7.740999999999999659e+01
5.900000000000000000e+01 5.695300000000000296e+01 -7.463800000000000523e+01
5.900000000000000000e+01 5.586299999999999955e+01 -7.697599999999999909e+01
5.900000000000000000e+01 5.495900000000000318e+01 -7.548199999999999932e+01
5.900000000000000000e+01 5.600399999999999778e+01 -7.328499999999999659e+01
5.900000000000000000e+01 5.756499999999999773e+01 -7.710800000000000409e+01
5.900000000000000000e+01 5.724099999999999966e+01 -7.220699999999999363e+01
5.900000000000000000e+01 5.878699999999999903e+01 -7.603100000000000591e+01
5.900000000000000000e+01 5.855199999999999960e+01 -7.252500000000000568e+01
6.000000000000000000e+01 5.627600000000000335e+01 -7.674599999999999511e+01
6.000000000000000000e+01 5.549699999999999989e+01 -7.714499999999999602e+01
6.000000000000000000e+01 5.417099999999999937e+01 -7.779200000000000159e+01
6.000000000000000000e+01 5.315100000000000335e+01 -7.757299999999999329e+01
6.000000000000000000e+01 5.523899999999999721e+01 -7.594799999999999329e+01
6.000000000000000000e+01 5.656400000000000006e+01 -7.536599999999999966e+01
6.000000000000000000e+01 5.742600000000000193e+01 -7.609900000000000375e+01
6.000000000000000000e+01 5.677900000000000347e+01 -7.408299999999999841e+01
6.000000000000000000e+01 5.720900000000000318e+01 -7.702100000000000080e+01
6.000000000000000000e+01 5.607699999999999818e+01 -7.787099999999999511e+01
6.000000000000000000e+01 5.468999999999999773e+01 -7.519299999999999784e+01
6.000000000000000000e+01 5.465899999999999892e+01 -7.626800000000000068e+01
6.000000000000000000e+01 5.609100000000000108e+01 -7.350000000000000000e+01
6.000000000000000000e+01 5.762800000000000011e+01 -7.370300000000000296e+01
6.100000000000000000e+01 5.419599999999999795e+01 -7.861799999999999500e+01
6.100000000000000000e+01 5.298499999999999943e+01 -7.931799999999999784e+01
6.100000000000000000e+01 5.281600000000000250e+01 -8.053100000000000591e+01
6.100000000000000000e+01 5.371699999999999875e+01 -8.136199999999999477e+01
6.100000000000000000e+01 5.310000000000000142e+01 -7.969400000000000261e+01
6.100000000000000000e+01 5.314000000000000057e+01 -7.840500000000000114e+01
6.100000000000000000e+01 5.189099999999999824e+01 -8.052800000000000580e+01
6.100000000000000000e+01 5.340800000000000125e+01 -7.872499999999999432e+01
6.100000000000000000e+01 5.504299999999999926e+01 -7.878600000000000136e+01
6.100000000000000000e+01 5.213400000000000034e+01 -7.866599999999999682e+01
6.100000000000000000e+01 5.400800000000000267e+01 -8.025600000000000023e+01
6.100000000000000000e+01 5.219100000000000250e+01 -7.789600000000000080e+01
6.100000000000000000e+01 5.392300000000000182e+01 -7.776500000000000057e+01
6.100000000000000000e+01 5.099799999999999756e+01 -7.993200000000000216e+01
6.100000000000000000e+01 5.180599999999999739e+01 -8.140399999999999636e+01
6.100000000000000000e+01 5.201700000000000301e+01 -8.083299999999999841e+01
6.100000000000000000e+01 5.437500000000000000e+01 -7.919799999999999329e+01
6.100000000000000000e+01 5.339699999999999847e+01 -7.781000000000000227e+01
6.100000000000000000e+01 5.264300000000000068e+01 -7.939100000000000534e+01
6.200000000000000000e+01 5.167199999999999704e+01 -8.059499999999999886e+01
6.200000000000000000e+01 5.138900000000000290e+01 -8.166599999999999682e+01
6.200000000000000000e+01 5.034400000000000119e+01 -8.264900000000000091e+01
6.200000000000000000e+01 4.971000000000000085e+01 -8.241800000000000637e+01
6.200000000000000000e+01 5.089300000000000068e+01 -8.102400000000000091e+01
6.200000000000000000e+01 5.205499999999999972e+01 -8.029300000000000637e+01
6.200000000000000000e+01 5.157099999999999795e+01 -7.959900000000000375e+01
6.200000000000000000e+01 5.124699999999999989e+01 -8.026000000000000512e+01
6.200000000000000000e+01 5.150300000000000011e+01 -7.829699999999999704e+01
6.200000000000000000e+01 5.101299999999999812e+01 -7.987999999999999545e+01
6.200000000000000000e+01 5.230400000000000205e+01 -8.220600000000000307e+01
6.200000000000000000e+01 5.010499999999999687e+01 -8.031900000000000261e+01
6.200000000000000000e+01 5.051500000000000057e+01 -8.178799999999999670e+01
6.200000000000000000e+01 5.282600000000000051e+01 -8.100499999999999545e+01
6.200000000000000000e+01 5.245700000000000074e+01 -7.955599999999999739e+01
6.200000000000000000e+01 5.176200000000000045e+01 -7.777400000000000091e+01
6.200000000000000000e+01 5.119299999999999784e+01 -7.784099999999999397e+01
6.300000000000000000e+01 5.020400000000000063e+01 -8.376300000000000523e+01
6.300000000000000000e+01 4.925699999999999790e+01 -8.478799999999999670e+01
6.300000000000000000e+01 4.787199999999999989e+01 -8.419899999999999807e+01
6.300000000000000000e+01 4.740699999999999648e+01 -8.330100000000000193e+01
6.300000000000000000e+01 4.911999999999999744e+01 -8.592100000000000648e+01
6.300000000000000000e+01 4.873499999999999943e+01 -8.532800000000000296e+01
6.300000000000000000e+01 4.873899999999999721e+01 -8.643000000000000682e+01
6.300000000000000000e+01 4.835699999999999932e+01 -8.583299999999999841e+01
6.300000000000000000e+01 4.813900000000000290e+01 -8.693200000000000216e+01
6.300000000000000000e+01 5.076599999999999824e+01 -8.390399999999999636e+01
6.300000000000000000e+01 4.962700000000000244e+01 -8.522199999999999420e+01
6.300000000000000000e+01 4.835099999999999909e+01 -8.660699999999999932e+01
6.300000000000000000e+01 5.005799999999999983e+01 -8.644599999999999795e+01
6.300000000000000000e+01 4.944700000000000273e+01 -8.456300000000000239e+01
6.300000000000000000e+01 4.774799999999999756e+01 -8.489499999999999602e+01
6.300000000000000000e+01 4.802400000000000091e+01 -8.719400000000000261e+01
6.300000000000000000e+01 4.972500000000000142e+01 -8.686499999999999488e+01
6.300000000000000000e+01 4.915400000000000347e+01 -8.519299999999999784e+01
6.300000000000000000e+01 4.745100000000000051e+01 -8.525600000000000023e+01
6.300000000000000000e+01 4.761699999999999733e+01 -8.656600000000000250e+01
6.300000000000000000e+01 4.905899999999999750e+01 -8.730599999999999739e+01
6.300000000000000000e+01 4.758899999999999864e+01 -8.769199999999999307e+01
6.400000000000000000e+01 4.724099999999999966e+01 -8.471699999999999875e+01
6.400000000000000000e+01 4.591599999999999682e+01 -8.427400000000000091e+01
6.400000000000000000e+01 4.591100000000000136e+01 -8.284300000000000352e+01
6.400000000000000000e+01 4.485699999999999932e+01 -8.220999999999999375e+01
6.400000000000000000e+01 4.483200000000000074e+01 -8.440399999999999636e+01
6.400000000000000000e+01 4.463199999999999790e+01 -8.588100000000000023e+01
6.400000000000000000e+01 4.340200000000000102e+01 -8.604099999999999682e+01
6.400000000000000000e+01 4.295199999999999818e+01 -8.504500000000000171e+01
6.400000000000000000e+01 4.292699999999999960e+01 -8.715800000000000125e+01
6.400000000000000000e+01 4.768999999999999773e+01 -8.542000000000000171e+01
6.400000000000000000e+01 4.561999999999999744e+01 -8.486400000000000432e+01
6.400000000000000000e+01 4.513499999999999801e+01 -8.385699999999999932e+01
6.400000000000000000e+01 4.390100000000000335e+01 -8.399599999999999511e+01
6.400000000000000000e+01 4.449099999999999966e+01 -8.643099999999999739e+01
6.400000000000000000e+01 4.549499999999999744e+01 -8.625600000000000023e+01
6.500000000000000000e+01 4.705799999999999983e+01 -8.235599999999999454e+01
6.500000000000000000e+01 4.714000000000000057e+01 -8.103199999999999648e+01
6.500000000000000000e+01 4.658500000000000085e+01 -8.112099999999999511e+01
6.500000000000000000e+01 4.670700000000000074e+01 -8.215600000000000591e+01
6.500000000000000000e+01 4.859000000000000341e+01 -8.056000000000000227e+01
6.500000000000000000e+01 4.900800000000000267e+01 -8.023000000000000398e+01
6.500000000000000000e+01 4.785799999999999699e+01 -8.291800000000000637e+01
6.500000000000000000e+01 4.654299999999999926e+01 -8.032500000000000284e+01
6.500000000000000000e+01 4.921300000000000097e+01 -8.135500000000000398e+01
6.500000000000000000e+01 4.867399999999999949e+01 -7.970099999999999341e+01
6.500000000000000000e+01 4.991700000000000159e+01 -7.992600000000000193e+01
6.600000000000000000e+01 4.597899999999999920e+01 -8.002899999999999636e+01
6.600000000000000000e+01 4.541599999999999682e+01 -7.998999999999999488e+01
6.600000000000000000e+01 4.621600000000000108e+01 -7.901300000000000523e+01
6.600000000000000000e+01 4.632800000000000296e+01 -7.782999999999999829e+01
6.600000000000000000e+01 4.395400000000000063e+01 -7.953700000000000614e+01
6.600000000000000000e+01 4.320000000000000284e+01 -8.044599999999999795e+01
6.600000000000000000e+01 4.338600000000000279e+01 -7.950499999999999545e+01
6.600000000000000000e+01 4.591599999999999682e+01 -7.922899999999999920e+01
6.600000000000000000e+01 4.546600000000000108e+01 -8.097599999999999909e+01
6.600000000000000000e+01 4.389600000000000080e+01 -7.854800000000000182e+01
6.600000000000000000e+01 4.227199999999999847e+01 -8.021299999999999386e+01
6.600000000000000000e+01 4.378699999999999903e+01 -7.865399999999999636e+01
6.600000000000000000e+01 4.230899999999999750e+01 -7.942799999999999727e+01
6.600000000000000000e+01 4.366100000000000136e+01 -8.041299999999999670e+01
6.700000000000000000e+01 4.672500000000000142e+01 -7.951500000000000057e+01
6.700000000000000000e+01 4.746699999999999875e+01 -7.868999999999999773e+01
6.700000000000000000e+01 4.656300000000000239e+01 -7.843800000000000239e+01
6.700000000000000000e+01 4.563300000000000267e+01 -7.920099999999999341e+01
6.700000000000000000e+01 4.872800000000000153e+01 -7.940099999999999625e+01
6.700000000000000000e+01 4.959499999999999886e+01 -7.988200000000000500e+01
6.700000000000000000e+01 4.917099999999999937e+01 -8.128000000000000114e+01
6.700000000000000000e+01 5.106700000000000017e+01 -7.992799999999999727e+01
6.700000000000000000e+01 4.656000000000000227e+01 -8.045399999999999352e+01
6.700000000000000000e+01 4.773700000000000188e+01 -7.774800000000000466e+01
6.700000000000000000e+01 4.844100000000000250e+01 -8.024099999999999966e+01
6.700000000000000000e+01 4.929599999999999937e+01 -7.870799999999999841e+01
6.700000000000000000e+01 4.950000000000000000e+01 -7.921399999999999864e+01
6.700000000000000000e+01 4.822800000000000153e+01 -8.121599999999999397e+01
6.700000000000000000e+01 4.992000000000000171e+01 -8.167799999999999727e+01
6.700000000000000000e+01 4.906799999999999784e+01 -8.193399999999999750e+01
6.700000000000000000e+01 5.116700000000000159e+01 -8.052899999999999636e+01
6.700000000000000000e+01 5.165800000000000125e+01 -8.035899999999999466e+01
6.700000000000000000e+01 5.141299999999999670e+01 -7.892300000000000182e+01
6.800000000000000000e+01 4.685199999999999676e+01 -7.736599999999999966e+01
6.800000000000000000e+01 4.607900000000000063e+01 -7.701500000000000057e+01
6.800000000000000000e+01 4.694800000000000040e+01 -7.719299999999999784e+01
6.800000000000000000e+01 4.810399999999999920e+01 -7.676900000000000546e+01
6.800000000000000000e+01 4.561999999999999744e+01 -7.555700000000000216e+01
6.800000000000000000e+01 4.459799999999999898e+01 -7.541200000000000614e+01
6.800000000000000000e+01 4.495400000000000063e+01 -7.511799999999999500e+01
6.800000000000000000e+01 4.322899999999999920e+01 -7.551800000000000068e+01
6.800000000000000000e+01 4.382399999999999807e+01 -7.505800000000000693e+01
6.800000000000000000e+01 4.274199999999999733e+01 -7.529399999999999693e+01
6.800000000000000000e+01 4.760900000000000176e+01 -7.680100000000000193e+01
6.800000000000000000e+01 4.521399999999999864e+01 -7.765900000000000603e+01
6.800000000000000000e+01 4.647099999999999653e+01 -7.493000000000000682e+01
6.800000000000000000e+01 4.519400000000000261e+01 -7.525199999999999534e+01
6.800000000000000000e+01 4.586500000000000199e+01 -7.497700000000000387e+01
6.800000000000000000e+01 4.262199999999999989e+01 -7.574200000000000443e+01
6.800000000000000000e+01 4.379599999999999937e+01 -7.484600000000000364e+01
6.900000000000000000e+01 4.639399999999999835e+01 -7.782800000000000296e+01
6.900000000000000000e+01 4.712800000000000011e+01 -7.806699999999999307e+01
6.900000000000000000e+01 4.660099999999999909e+01 -7.712500000000000000e+01
6.900000000000000000e+01 4.539099999999999824e+01 -7.701000000000000512e+01
6.900000000000000000e+01 4.692199999999999704e+01 -7.952299999999999613e+01
6.900000000000000000e+01 4.767399999999999949e+01 -7.982599999999999341e+01
6.900000000000000000e+01 4.917600000000000193e+01 -7.993999999999999773e+01
6.900000000000000000e+01 4.717000000000000171e+01 -8.115300000000000580e+01
6.900000000000000000e+01 4.547299999999999898e+01 -7.814900000000000091e+01
6.900000000000000000e+01 4.817999999999999972e+01 -7.787399999999999523e+01
6.900000000000000000e+01 4.727199999999999847e+01 -8.018999999999999773e+01
6.900000000000000000e+01 4.586599999999999966e+01 -7.969299999999999784e+01
6.900000000000000000e+01 4.749600000000000222e+01 -7.904399999999999693e+01
6.900000000000000000e+01 4.965400000000000347e+01 -8.035999999999999943e+01
6.900000000000000000e+01 4.934700000000000131e+01 -8.058599999999999852e+01
6.900000000000000000e+01 4.958899999999999864e+01 -7.896299999999999386e+01
6.900000000000000000e+01 4.763600000000000279e+01 -8.132999999999999829e+01
6.900000000000000000e+01 4.609799999999999898e+01 -8.110899999999999466e+01
6.900000000000000000e+01 4.742199999999999704e+01 -8.195699999999999363e+01
7.000000000000000000e+01 4.752199999999999847e+01 -7.646299999999999386e+01
7.000000000000000000e+01 4.719700000000000273e+01 -7.554200000000000159e+01
7.000000000000000000e+01 4.785799999999999699e+01 -7.606900000000000261e+01
7.000000000000000000e+01 4.894400000000000261e+01 -7.664400000000000546e+01
7.000000000000000000e+01 4.770799999999999841e+01 -7.413899999999999579e+01
7.000000000000000000e+01 4.799600000000000222e+01 -7.329699999999999704e+01
7.000000000000000000e+01 4.667600000000000193e+01 -7.341500000000000625e+01
7.000000000000000000e+01 4.846399999999999864e+01 -7.660699999999999932e+01
7.000000000000000000e+01 4.613499999999999801e+01 -7.552599999999999625e+01
7.000000000000000000e+01 4.859300000000000352e+01 -7.425600000000000023e+01
7.000000000000000000e+01 4.817399999999999949e+01 -7.227200000000000557e+01
7.000000000000000000e+01 4.714699999999999847e+01 -7.333899999999999864e+01
7.000000000000000000e+01 4.886800000000000210e+01 -7.368200000000000216e+01
7.000000000000000000e+01 4.583100000000000307e+01 -7.314400000000000546e+01
7.000000000000000000e+01 4.712800000000000011e+01 -7.252599999999999625e+01
7.000000000000000000e+01 4.635699999999999932e+01 -7.406399999999999295e+01
7.100000000000000000e+01 4.717600000000000193e+01 -7.587699999999999534e+01
7.100000000000000000e+01 4.766599999999999682e+01 -7.634000000000000341e+01
7.100000000000000000e+01 4.807500000000000284e+01 -7.515900000000000603e+01
7.100000000000000000e+01 4.740999999999999659e+01 -7.412300000000000466e+01
7.100000000000000000e+01 4.657300000000000040e+01 -7.714100000000000534e+01
7.100000000000000000e+01 4.600800000000000267e+01 -7.820600000000000307e+01
7.100000000000000000e+01 4.491700000000000159e+01 -7.900000000000000000e+01
7.100000000000000000e+01 4.713000000000000256e+01 -7.916200000000000614e+01
7.100000000000000000e+01 4.631600000000000250e+01 -7.541599999999999682e+01
7.100000000000000000e+01 4.852700000000000102e+01 -7.697799999999999443e+01
7.100000000000000000e+01 4.577900000000000347e+01 -7.647400000000000375e+01
7.100000000000000000e+01 4.699099999999999966e+01 -7.762300000000000466e+01
7.100000000000000000e+01 4.558400000000000318e+01 -7.772499999999999432e+01
7.100000000000000000e+01 4.415200000000000102e+01 -7.832299999999999329e+01
7.100000000000000000e+01 4.448100000000000165e+01 -7.971599999999999397e+01
7.100000000000000000e+01 4.534899999999999665e+01 -7.952100000000000080e+01
7.100000000000000000e+01 4.669899999999999807e+01 -8.008299999999999841e+01
7.100000000000000000e+01 4.770700000000000074e+01 -7.870300000000000296e+01
7.100000000000000000e+01 4.777300000000000324e+01 -7.937600000000000477e+01
7.200000000000000000e+01 4.918200000000000216e+01 -7.532800000000000296e+01
7.200000000000000000e+01 4.970199999999999818e+01 -7.428199999999999648e+01
7.200000000000000000e+01 4.973400000000000176e+01 -7.478300000000000125e+01
7.200000000000000000e+01 5.024799999999999756e+01 -7.586700000000000443e+01
7.200000000000000000e+01 5.112100000000000222e+01 -7.390999999999999659e+01
7.200000000000000000e+01 5.168099999999999739e+01 -7.282599999999999341e+01
7.200000000000000000e+01 5.302199999999999847e+01 -7.234099999999999397e+01
7.200000000000000000e+01 5.368900000000000006e+01 -7.148199999999999932e+01
7.200000000000000000e+01 5.500200000000000244e+01 -7.155800000000000693e+01
7.200000000000000000e+01 5.554999999999999716e+01 -7.270399999999999352e+01
7.200000000000000000e+01 5.574000000000000199e+01 -7.048600000000000421e+01
7.200000000000000000e+01 4.966400000000000148e+01 -7.617900000000000205e+01
7.200000000000000000e+01 4.907500000000000284e+01 -7.340300000000000580e+01
7.200000000000000000e+01 5.109899999999999665e+01 -7.354200000000000159e+01
7.200000000000000000e+01 5.175300000000000011e+01 -7.478400000000000603e+01
7.200000000000000000e+01 5.182399999999999807e+01 -7.323300000000000409e+01
7.200000000000000000e+01 5.099099999999999966e+01 -7.199800000000000466e+01
7.200000000000000000e+01 5.285099999999999909e+01 -7.178100000000000591e+01
7.200000000000000000e+01 5.364300000000000068e+01 -7.319899999999999807e+01
7.200000000000000000e+01 5.315800000000000125e+01 -7.083400000000000318e+01
7.200000000000000000e+01 5.498400000000000176e+01 -7.352599999999999625e+01
7.200000000000000000e+01 5.653499999999999659e+01 -7.276099999999999568e+01
7.200000000000000000e+01 5.532000000000000028e+01 -6.960800000000000409e+01
7.200000000000000000e+01 5.672599999999999909e+01 -7.054200000000000159e+01
7.300000000000000000e+01 4.918299999999999983e+01 -7.398699999999999477e+01
7.300000000000000000e+01 4.914999999999999858e+01 -7.435299999999999443e+01
7.300000000000000000e+01 4.989200000000000301e+01 -7.331199999999999761e+01
7.300000000000000000e+01 4.962500000000000000e+01 -7.211499999999999488e+01
7.300000000000000000e+01 4.769500000000000028e+01 -7.442900000000000205e+01
7.300000000000000000e+01 4.696000000000000085e+01 -7.557899999999999352e+01
7.300000000000000000e+01 4.545700000000000074e+01 -7.543899999999999295e+01
7.300000000000000000e+01 4.744299999999999784e+01 -7.693999999999999773e+01
7.300000000000000000e+01 4.878900000000000148e+01 -7.313500000000000512e+01
7.300000000000000000e+01 4.961999999999999744e+01 -7.531399999999999295e+01
7.300000000000000000e+01 4.720000000000000284e+01 -7.349699999999999989e+01
7.300000000000000000e+01 4.767499999999999716e+01 -7.458799999999999386e+01
7.300000000000000000e+01 4.714800000000000324e+01 -7.552200000000000557e+01
7.300000000000000000e+01 4.527900000000000347e+01 -7.534999999999999432e+01
7.300000000000000000e+01 4.508700000000000330e+01 -7.455700000000000216e+01
7.300000000000000000e+01 4.494400000000000261e+01 -7.631100000000000705e+01
7.300000000000000000e+01 4.760600000000000165e+01 -7.687800000000000011e+01
7.300000000000000000e+01 4.669599999999999795e+01 -7.769499999999999318e+01
7.300000000000000000e+01 4.836500000000000199e+01 -7.721599999999999397e+01
7.400000000000000000e+01 5.081600000000000250e+01 -7.377500000000000568e+01
7.400000000000000000e+01 5.157999999999999829e+01 -7.287099999999999511e+01
7.400000000000000000e+01 5.067900000000000205e+01 -7.228300000000000125e+01
7.400000000000000000e+01 5.077300000000000324e+01 -7.110299999999999443e+01
7.400000000000000000e+01 5.274199999999999733e+01 -7.362500000000000000e+01
7.400000000000000000e+01 5.372599999999999909e+01 -7.412699999999999534e+01
7.400000000000000000e+01 5.465899999999999892e+01 -7.299599999999999511e+01
7.400000000000000000e+01 5.572099999999999653e+01 -7.354500000000000171e+01
7.400000000000000000e+01 5.701200000000000045e+01 -7.339499999999999602e+01
7.400000000000000000e+01 5.757600000000000051e+01 -7.418899999999999295e+01
7.400000000000000000e+01 5.771099999999999852e+01 -7.245699999999999363e+01
7.400000000000000000e+01 5.098299999999999699e+01 -7.473999999999999488e+01
7.400000000000000000e+01 5.196800000000000352e+01 -7.207099999999999795e+01
7.400000000000000000e+01 5.235199999999999676e+01 -7.446899999999999409e+01
7.400000000000000000e+01 5.325600000000000023e+01 -7.296500000000000341e+01
7.400000000000000000e+01 5.317300000000000182e+01 -7.449500000000000455e+01
7.400000000000000000e+01 5.431799999999999784e+01 -7.492900000000000205e+01
7.400000000000000000e+01 5.509400000000000119e+01 -7.251600000000000534e+01
7.400000000000000000e+01 5.409599999999999653e+01 -7.226800000000000068e+01
7.400000000000000000e+01 5.547500000000000142e+01 -7.403700000000000614e+01
7.400000000000000000e+01 5.703999999999999915e+01 -7.490900000000000603e+01
7.400000000000000000e+01 5.854399999999999693e+01 -7.407699999999999818e+01
7.400000000000000000e+01 5.727900000000000347e+01 -7.185200000000000387e+01
7.400000000000000000e+01 5.867799999999999727e+01 -7.234399999999999409e+01
7.500000000000000000e+01 4.980599999999999739e+01 -7.312600000000000477e+01
7.500000000000000000e+01 4.887400000000000233e+01 -7.270799999999999841e+01
7.500000000000000000e+01 4.757600000000000051e+01 -7.219100000000000250e+01
7.500000000000000000e+01 4.742000000000000171e+01 -7.216500000000000625e+01
7.500000000000000000e+01 4.978799999999999670e+01 -7.404999999999999716e+01
7.500000000000000000e+01 4.932500000000000284e+01 -7.192499999999999716e+01
7.500000000000000000e+01 4.865200000000000102e+01 -7.355200000000000671e+01
7.600000000000000000e+01 4.664699999999999847e+01 -7.178100000000000591e+01
7.600000000000000000e+01 4.536699999999999733e+01 -7.126600000000000534e+01
7.600000000000000000e+01 4.460999999999999943e+01 -7.057399999999999807e+01
7.600000000000000000e+01 4.442000000000000171e+01 -6.937199999999999989e+01
7.600000000000000000e+01 4.422999999999999687e+01 -7.125499999999999545e+01
7.600000000000000000e+01 4.682500000000000284e+01 -7.182399999999999807e+01
7.600000000000000000e+01 4.477300000000000324e+01 -7.208599999999999852e+01
7.600000000000000000e+01 4.554099999999999682e+01 -7.055800000000000693e+01
