2	-11.371	1
3	6.2026	1
4	6.1418	1
5	3.4054	1
6	4.9256	1
7	-3.5878	1
8	4.1351	1
9	9.5472	1
10	3.831	1
11	-13.135	1
12	0.72972	1
13	1.2162	1
14	5.5337	1
15	7.2972	1
17	-2.25	1
18	-15.871	1
20	-7.7229	1
21	-2.3716	1
22	12.648	1
23	4.7432	1
25	3.1621	1
27	4.9864	1
28	3.2837	1
29	5.2297	1
30	4.1959	1
32	3.1621	1
33	4.2567	1
34	5.108	1
35	-3.9527	1
36	-16.419	1
40	0.0	1
41	13.925	1
42	8.0269	1
43	6.2026	1
44	4.3783	1
45	-2.7973	1
46	1.1554	1
47	3.9526	1
48	-15.689	1
49	-2.6756	1
50	5.3513	1
51	-5.3513	1
52	-14.047	1
54	0.97296	1
55	5.108	1
56	9.7904	1
58	6.081	1
59	6.8715	1
60	12.648	1
61	6.4459	1
62	8.7566	1
63	-3.2837	1
64	10.155	1
65	11.615	1
66	8.8175	1
67	4.3783	1
68	4.3175	1
69	2.3716	1
70	9.1823	1
71	11.615	1
72	6.2634	1
73	7.2972	1
74	4.4999	1
75	5.108	1
76	1.2162	1
