0.135970 0.018760 0.016840 0.015290 0.014070 0.013110 0.012380 0.011810 0.011380 0.011040 0.010790 0.010600 0.010460 0.010350 0.010260 0.010200 0.010150 0.010110 0.010090 0.010070 0.010050 0.010040 0.010030 0.010020 0.010020 0.010010 0.010010 0.010010 0.010010 0.010000 0.010000 0.010000 0.010000 0.010000 0.010000 0.010000 0.010000 0.010000 0.010000 0.010000
0.000000 0.013990 0.013210 0.012550 0.012010 0.011570 0.011220 0.010940 0.010720 0.010550 0.010420 0.010320 0.010240 0.010190 0.010140 0.010110 0.010080 0.010060 0.010050 0.010040 0.010030 0.010020 0.010020 0.010010 0.010010 0.010010 0.010010 0.010000 0.010000 0.010000 0.010000 0.010000 0.010000 0.010000 0.010000 0.010000 0.010000 0.010000 0.010000 0.010000
0.000000 0.012950 0.012380 0.011900 0.011500 0.011170 0.010910 0.010700 0.010540 0.010420 0.010320 0.010240 0.010180 0.010140 0.010110 0.010080 0.010060 0.010050 0.010040 0.010030 0.010020 0.010020 0.010010 0.010010 0.010010 0.010010 0.010000 0.010000 0.010000 0.010000 0.010000 0.010000 0.010000 0.010000 0.010000 0.010000 0.010000 0.010000 0.010000 0.010000
0.000000 0.017600 0.015950 0.014630 0.013580 0.012750 0.012110 0.011610 0.011230 0.010940 0.010710 0.010540 0.010410 0.010310 0.010240 0.010180 0.010140 0.010100 0.010080 0.010060 0.010040 0.010030 0.010030 0.010020 0.010010 0.010010 0.010010 0.010010 0.010000 0.010000 0.010000 0.010000 0.010000 0.010000 0.010000 0.010000 0.010000 0.010000 0.010000 0.010000
0.000000 0.011510 0.011280 0.011060 0.010860 0.010690 0.010550 0.010430 0.010340 0.010260 0.010200 0.010150 0.010120 0.010090 0.010070 0.010050 0.010040 0.010030 0.010020 0.010020 0.010010 0.010010 0.010010 0.010010 0.010000 0.010000 0.010000 0.010000 0.010000 0.010000 0.010000 0.010000 0.010000 0.010000 0.010000 0.010000 0.010000 0.010000 0.010000 0.010000
0.250090 0.017760 0.016070 0.014720 0.013640 0.012800 0.012140 0.011640 0.011250 0.010950 0.010720 0.010550 0.010420 0.010320 0.010240 0.010180 0.010140 0.010100 0.010080 0.010060 0.010050 0.010030 0.010030 0.010020 0.010020 0.010010 0.010010 0.010010 0.010000 0.010000 0.010000 0.010000 0.010000 0.010000 0.010000 0.010000 0.010000 0.010000 0.010000 0.010000
0.000000 0.011770 0.011480 0.011220 0.010990 0.010790 0.010630 0.010490 0.010380 0.010300 0.010230 0.010170 0.010130 0.010100 0.010080 0.010060 0.010040 0.010030 0.010030 0.010020 0.010010 0.010010 0.010010 0.010010 0.010000 0.010000 0.010000 0.010000 0.010000 0.010000 0.010000 0.010000 0.010000 0.010000 0.010000 0.010000 0.010000 0.010000 0.010000 0.010000
0.000000 0.011410 0.011240 0.011060 0.010890 0.010730 0.010590 0.010470 0.010370 0.010290 0.010220 0.010170 0.010130 0.010100 0.010080 0.010060 0.010040 0.010030 0.010030 0.010020 0.010010 0.010010 0.010010 0.010010 0.010000 0.010000 0.010000 0.010000 0.010000 0.010000 0.010000 0.010000 0.010000 0.010000 0.010000 0.010000 0.010000 0.010000 0.010000 0.010000
0.000000 0.011260 0.011210 0.011090 0.010950 0.010800 0.010660 0.010530 0.010420 0.010330 0.010260 0.010200 0.010150 0.010120 0.010090 0.010070 0.010050 0.010040 0.010030 0.010020 0.010020 0.010010 0.010010 0.010010 0.010010 0.010000 0.010000 0.010000 0.010000 0.010000 0.010000 0.010000 0.010000 0.010000 0.010000 0.010000 0.010000 0.010000 0.010000 0.010000
0.000000 0.011490 0.011390 0.011240 0.011070 0.010890 0.010730 0.010580 0.010460 0.010360 0.010280 0.010220 0.010170 0.010130 0.010100 0.010070 0.010060 0.010040 0.010030 0.010020 0.010020 0.010010 0.010010 0.010010 0.010010 0.010000 0.010000 0.010000 0.010000 0.010000 0.010000 0.010000 0.010000 0.010000 0.010000 0.010000 0.010000 0.010000 0.010000 0.010000
0.000000 0.009670 0.009880 0.010010 0.010080 0.010110 0.010120 0.010110 0.010100 0.010080 0.010070 0.010050 0.010040 0.010030 0.010030 0.010020 0.010020 0.010010 0.010010 0.010010 0.010010 0.010000 0.010000 0.010000 0.010000 0.010000 0.010000 0.010000 0.010000 0.010000 0.010000 0.010000 0.010000 0.010000 0.010000 0.010000 0.010000 0.010000 0.010000 0.010000
0.000000 0.009710 0.009910 0.010040 0.010110 0.010130 0.010130 0.010120 0.010110 0.010090 0.010070 0.010060 0.010050 0.010040 0.010030 0.010020 0.010020 0.010010 0.010010 0.010010 0.010010 0.010000 0.010000 0.010000 0.010000 0.010000 0.010000 0.010000 0.010000 0.010000 0.010000 0.010000 0.010000 0.010000 0.010000 0.010000 0.010000 0.010000 0.010000 0.010000
0.000000 0.010650 0.010660 0.010620 0.010560 0.010480 0.010400 0.010330 0.010260 0.010210 0.010160 0.010130 0.010100 0.010070 0.010060 0.010040 0.010030 0.010030 0.010020 0.010010 0.010010 0.010010 0.010010 0.010000 0.010000 0.010000 0.010000 0.010000 0.010000 0.010000 0.010000 0.010000 0.010000 0.010000 0.010000 0.010000 0.010000 0.010000 0.010000 0.010000
0.000000 0.010740 0.010750 0.010700 0.010630 0.010540 0.010450 0.010370 0.010290 0.010230 0.010180 0.010140 0.010110 0.010080 0.010060 0.010050 0.010040 0.010030 0.010020 0.010020 0.010010 0.010010 0.010010 0.010010 0.010000 0.010000 0.010000 0.010000 0.010000 0.010000 0.010000 0.010000 0.010000 0.010000 0.010000 0.010000 0.010000 0.010000 0.010000 0.010000
0.000000 0.009460 0.009700 0.009860 0.009950 0.010010 0.010040 0.010050 0.010050 0.010040 0.010040 0.010030 0.010020 0.010020 0.010020 0.010010 0.010010 0.010010 0.010010 0.010000 0.010000 0.010000 0.010000 0.010000 0.010000 0.010000 0.010000 0.010000 0.010000 0.010000 0.010000 0.010000 0.010000 0.010000 0.010000 0.010000 0.010000 0.010000 0.010000 0.010000
0.000000 0.009950 0.010110 0.010190 0.010230 0.010230 0.010210 0.010180 0.010150 0.010120 0.010100 0.010080 0.010060 0.010050 0.010040 0.010030 0.010020 0.010020 0.010010 0.010010 0.010010 0.010010 0.010000 0.010000 0.010000 0.010000 0.010000 0.010000 0.010000 0.010000 0.010000 0.010000 0.010000 0.010000 0.010000 0.010000 0.010000 0.010000 0.010000 0.010000
0.000000 0.009950 0.010110 0.010200 0.010230 0.010230 0.010210 0.010180 0.010150 0.010120 0.010100 0.010080 0.010060 0.010050 0.010040 0.010030 0.010020 0.010020 0.010010 0.010010 0.010010 0.010010 0.010000 0.010000 0.010000 0.010000 0.010000 0.010000 0.010000 0.010000 0.010000 0.010000 0.010000 0.010000 0.010000 0.010000 0.010000 0.010000 0.010000 0.010000
0.000000 0.009880 0.010050 0.010150 0.010190 0.010200 0.010180 0.010160 0.010140 0.010110 0.010090 0.010070 0.010060 0.010040 0.010030 0.010030 0.010020 0.010020 0.010010 0.010010 0.010010 0.010010 0.010000 0.010000 0.010000 0.010000 0.010000 0.010000 0.010000 0.010000 0.010000 0.010000 0.010000 0.010000 0.010000 0.010000 0.010000 0.010000 0.010000 0.010000
0.000000 0.010050 0.010110 0.010140 0.010140 0.010140 0.010120 0.010100 0.010080 0.010070 0.010050 0.010040 0.010030 0.010030 0.010020 0.010020 0.010010 0.010010 0.010010 0.010010 0.010000 0.010000 0.010000 0.010000 0.010000 0.010000 0.010000 0.010000 0.010000 0.010000 0.010000 0.010000 0.010000 0.010000 0.010000 0.010000 0.010000 0.010000 0.010000 0.010000
0.000000 0.009490 0.009620 0.009720 0.009800 0.009850 0.009890 0.009920 0.009940 0.009960 0.009970 0.009980 0.009980 0.009990 0.009990 0.009990 0.009990 0.010000 0.010000 0.010000 0.010000 0.010000 0.010000 0.010000 0.010000 0.010000 0.010000 0.010000 0.010000 0.010000 0.010000 0.010000 0.010000 0.010000 0.010000 0.010000 0.010000 0.010000 0.010000 0.010000
0.000000 0.009430 0.009550 0.009650 0.009730 0.009790 0.009840 0.009880 0.009910 0.009930 0.009950 0.009960 0.009970 0.009980 0.009980 0.009990 0.009990 0.009990 0.009990 0.010000 0.010000 0.010000 0.010000 0.010000 0.010000 0.010000 0.010000 0.010000 0.010000 0.010000 0.010000 0.010000 0.010000 0.010000 0.010000 0.010000 0.010000 0.010000 0.010000 0.010000
0.000000 0.009140 0.009340 0.009490 0.009620 0.009710 0.009780 0.009840 0.009880 0.009910 0.009930 0.009950 0.009960 0.009970 0.009980 0.009980 0.009990 0.009990 0.009990 0.009990 0.010000 0.010000 0.010000 0.010000 0.010000 0.010000 0.010000 0.010000 0.010000 0.010000 0.010000 0.010000 0.010000 0.010000 0.010000 0.010000 0.010000 0.010000 0.010000 0.010000
0.000000 0.008950 0.009200 0.009390 0.009540 0.009660 0.009740 0.009810 0.009860 0.009890 0.009920 0.009940 0.009950 0.009960 0.009970 0.009980 0.009980 0.009990 0.009990 0.009990 0.010000 0.010000 0.010000 0.010000 0.010000 0.010000 0.010000 0.010000 0.010000 0.010000 0.010000 0.010000 0.010000 0.010000 0.010000 0.010000 0.010000 0.010000 0.010000 0.010000
0.000000 0.008940 0.009190 0.009390 0.009540 0.009650 0.009740 0.009810 0.009850 0.009890 0.009920 0.009940 0.009950 0.009960 0.009970 0.009980 0.009980 0.009990 0.009990 0.009990 0.009990 0.010000 0.010000 0.010000 0.010000 0.010000 0.010000 0.010000 0.010000 0.010000 0.010000 0.010000 0.010000 0.010000 0.010000 0.010000 0.010000 0.010000 0.010000 0.010000
0.000000 0.007490 0.008070 0.008530 0.008890 0.009170 0.009380 0.009530 0.009650 0.009740 0.009800 0.009850 0.009890 0.009920 0.009940 0.009950 0.009960 0.009970 0.009980 0.009980 0.009990 0.009990 0.009990 0.009990 0.010000 0.010000 0.010000 0.010000 0.010000 0.010000 0.010000 0.010000 0.010000 0.010000 0.010000 0.010000 0.010000 0.010000 0.010000 0.010000
0.000000 0.007850 0.008350 0.008740 0.009050 0.009290 0.009460 0.009600 0.009700 0.009770 0.009830 0.009870 0.009900 0.009930 0.009950 0.009960 0.009970 0.009980 0.009980 0.009990 0.009990 0.009990 0.009990 0.010000 0.010000 0.010000 0.010000 0.010000 0.010000 0.010000 0.010000 0.010000 0.010000 0.010000 0.010000 0.010000 0.010000 0.010000 0.010000 0.010000
0.000000 0.007920 0.008400 0.008780 0.009080 0.009310 0.009480 0.009610 0.009710 0.009780 0.009830 0.009880 0.009910 0.009930 0.009950 0.009960 0.009970 0.009980 0.009980 0.009990 0.009990 0.009990 0.009990 0.010000 0.010000 0.010000 0.010000 0.010000 0.010000 0.010000 0.010000 0.010000 0.010000 0.010000 0.010000 0.010000 0.010000 0.010000 0.010000 0.010000
0.000000 0.008610 0.008940 0.009200 0.009400 0.009550 0.009660 0.009750 0.009810 0.009860 0.009890 0.009920 0.009940 0.009950 0.009970 0.009970 0.009980 0.009990 0.009990 0.009990 0.009990 0.010000 0.010000 0.010000 0.010000 0.010000 0.010000 0.010000 0.010000 0.010000 0.010000 0.010000 0.010000 0.010000 0.010000 0.010000 0.010000 0.010000 0.010000 0.010000
0.000000 0.008600 0.008930 0.009190 0.009390 0.009550 0.009660 0.009750 0.009810 0.009860 0.009890 0.009920 0.009940 0.009950 0.009970 0.009970 0.009980 0.009990 0.009990 0.009990 0.009990 0.010000 0.010000 0.010000 0.010000 0.010000 0.010000 0.010000 0.010000 0.010000 0.010000 0.010000 0.010000 0.010000 0.010000 0.010000 0.010000 0.010000 0.010000 0.010000
0.000000 0.008620 0.008950 0.009200 0.009400 0.009550 0.009660 0.009750 0.009810 0.009860 0.009890 0.009920 0.009940 0.009950 0.009970 0.009970 0.009980 0.009990 0.009990 0.009990 0.009990 0.010000 0.010000 0.010000 0.010000 0.010000 0.010000 0.010000 0.010000 0.010000 0.010000 0.010000 0.010000 0.010000 0.010000 0.010000 0.010000 0.010000 0.010000 0.010000
0.000000 0.008680 0.008990 0.009230 0.009420 0.009560 0.009670 0.009750 0.009810 0.009860 0.009890 0.009920 0.009940 0.009950 0.009970 0.009970 0.009980 0.009990 0.009990 0.009990 0.009990 0.010000 0.010000 0.010000 0.010000 0.010000 0.010000 0.010000 0.010000 0.010000 0.010000 0.010000 0.010000 0.010000 0.010000 0.010000 0.010000 0.010000 0.010000 0.010000
0.000000 0.008690 0.009000 0.009250 0.009440 0.009580 0.009690 0.009770 0.009820 0.009870 0.009900 0.009930 0.009940 0.009960 0.009970 0.009980 0.009980 0.009990 0.009990 0.009990 0.009990 0.010000 0.010000 0.010000 0.010000 0.010000 0.010000 0.010000 0.010000 0.010000 0.010000 0.010000 0.010000 0.010000 0.010000 0.010000 0.010000 0.010000 0.010000 0.010000
0.000000 0.009130 0.009330 0.009490 0.009610 0.009710 0.009780 0.009830 0.009870 0.009910 0.009930 0.009950 0.009960 0.009970 0.009980 0.009980 0.009990 0.009990 0.009990 0.009990 0.010000 0.010000 0.010000 0.010000 0.010000 0.010000 0.010000 0.010000 0.010000 0.010000 0.010000 0.010000 0.010000 0.010000 0.010000 0.010000 0.010000 0.010000 0.010000 0.010000
0.000000 0.009190 0.009380 0.009530 0.009640 0.009730 0.009800 0.009850 0.009890 0.009920 0.009940 0.009950 0.009960 0.009970 0.009980 0.009980 0.009990 0.009990 0.009990 0.009990 0.010000 0.010000 0.010000 0.010000 0.010000 0.010000 0.010000 0.010000 0.010000 0.010000 0.010000 0.010000 0.010000 0.010000 0.010000 0.010000 0.010000 0.010000 0.010000 0.010000
0.001980 0.010030 0.010100 0.010130 0.010140 0.010130 0.010120 0.010100 0.010080 0.010070 0.010050 0.010040 0.010030 0.010030 0.010020 0.010020 0.010010 0.010010 0.010010 0.010010 0.010000 0.010000 0.010000 0.010000 0.010000 0.010000 0.010000 0.010000 0.010000 0.010000 0.010000 0.010000 0.010000 0.010000 0.010000 0.010000 0.010000 0.010000 0.010000 0.010000
0.000000 0.009650 0.009780 0.009880 0.009940 0.009970 0.009990 0.010000 0.010010 0.010010 0.010010 0.010010 0.010010 0.010010 0.010010 0.010000 0.010000 0.010000 0.010000 0.010000 0.010000 0.010000 0.010000 0.010000 0.010000 0.010000 0.010000 0.010000 0.010000 0.010000 0.010000 0.010000 0.010000 0.010000 0.010000 0.010000 0.010000 0.010000 0.010000 0.010000
0.000000 0.009440 0.009600 0.009720 0.009810 0.009870 0.009910 0.009930 0.009950 0.009970 0.009980 0.009980 0.009990 0.009990 0.009990 0.010000 0.010000 0.010000 0.010000 0.010000 0.010000 0.010000 0.010000 0.010000 0.010000 0.010000 0.010000 0.010000 0.010000 0.010000 0.010000 0.010000 0.010000 0.010000 0.010000 0.010000 0.010000 0.010000 0.010000 0.010000
0.000000 0.009950 0.010030 0.010070 0.010090 0.010090 0.010090 0.010080 0.010060 0.010050 0.010040 0.010030 0.010030 0.010020 0.010020 0.010010 0.010010 0.010010 0.010010 0.010000 0.010000 0.010000 0.010000 0.010000 0.010000 0.010000 0.010000 0.010000 0.010000 0.010000 0.010000 0.010000 0.010000 0.010000 0.010000 0.010000 0.010000 0.010000 0.010000 0.010000
0.000000 0.010100 0.010120 0.010130 0.010120 0.010110 0.010090 0.010080 0.010060 0.010050 0.010040 0.010030 0.010020 0.010020 0.010010 0.010010 0.010010 0.010010 0.010000 0.010000 0.010000 0.010000 0.010000 0.010000 0.010000 0.010000 0.010000 0.010000 0.010000 0.010000 0.010000 0.010000 0.010000 0.010000 0.010000 0.010000 0.010000 0.010000 0.010000 0.010000
0.000000 0.009660 0.009750 0.009820 0.009880 0.009910 0.009940 0.009960 0.009970 0.009980 0.009980 0.009990 0.009990 0.009990 0.010000 0.010000 0.010000 0.010000 0.010000 0.010000 0.010000 0.010000 0.010000 0.010000 0.010000 0.010000 0.010000 0.010000 0.010000 0.010000 0.010000 0.010000 0.010000 0.010000 0.010000 0.010000 0.010000 0.010000 0.010000 0.010000
0.000000 0.009660 0.009760 0.009830 0.009880 0.009910 0.009940 0.009960 0.009970 0.009980 0.009980 0.009990 0.009990 0.009990 0.010000 0.010000 0.010000 0.010000 0.010000 0.010000 0.010000 0.010000 0.010000 0.010000 0.010000 0.010000 0.010000 0.010000 0.010000 0.010000 0.010000 0.010000 0.010000 0.010000 0.010000 0.010000 0.010000 0.010000 0.010000 0.010000
0.000000 0.009860 0.009890 0.009910 0.009930 0.009950 0.009960 0.009970 0.009980 0.009980 0.009990 0.009990 0.009990 0.009990 0.010000 0.010000 0.010000 0.010000 0.010000 0.010000 0.010000 0.010000 0.010000 0.010000 0.010000 0.010000 0.010000 0.010000 0.010000 0.010000 0.010000 0.010000 0.010000 0.010000 0.010000 0.010000 0.010000 0.010000 0.010000 0.010000
0.000000 0.009930 0.009940 0.009940 0.009950 0.009960 0.009970 0.009970 0.009980 0.009980 0.009990 0.009990 0.009990 0.009990 0.010000 0.010000 0.010000 0.010000 0.010000 0.010000 0.010000 0.010000 0.010000 0.010000 0.010000 0.010000 0.010000 0.010000 0.010000 0.010000 0.010000 0.010000 0.010000 0.010000 0.010000 0.010000 0.010000 0.010000 0.010000 0.010000
0.000000 0.009620 0.009670 0.009720 0.009770 0.009810 0.009850 0.009880 0.009910 0.009930 0.009940 0.009960 0.009970 0.009970 0.009980 0.009990 0.009990 0.009990 0.009990 0.010000 0.010000 0.010000 0.010000 0.010000 0.010000 0.010000 0.010000 0.010000 0.010000 0.010000 0.010000 0.010000 0.010000 0.010000 0.010000 0.010000 0.010000 0.010000 0.010000 0.010000
0.000000 0.009920 0.009930 0.009950 0.009960 0.009970 0.009980 0.009980 0.009990 0.009990 0.009990 0.010000 0.010000 0.010000 0.010000 0.010000 0.010000 0.010000 0.010000 0.010000 0.010000 0.010000 0.010000 0.010000 0.010000 0.010000 0.010000 0.010000 0.010000 0.010000 0.010000 0.010000 0.010000 0.010000 0.010000 0.010000 0.010000 0.010000 0.010000 0.010000
0.000000 0.009930 0.009940 0.009960 0.009970 0.009970 0.009980 0.009990 0.009990 0.009990 0.009990 0.010000 0.010000 0.010000 0.010000 0.010000 0.010000 0.010000 0.010000 0.010000 0.010000 0.010000 0.010000 0.010000 0.010000 0.010000 0.010000 0.010000 0.010000 0.010000 0.010000 0.010000 0.010000 0.010000 0.010000 0.010000 0.010000 0.010000 0.010000 0.010000
0.000000 0.010090 0.010090 0.010080 0.010070 0.010060 0.010050 0.010040 0.010030 0.010030 0.010020 0.010020 0.010010 0.010010 0.010010 0.010010 0.010000 0.010000 0.010000 0.010000 0.010000 0.010000 0.010000 0.010000 0.010000 0.010000 0.010000 0.010000 0.010000 0.010000 0.010000 0.010000 0.010000 0.010000 0.010000 0.010000 0.010000 0.010000 0.010000 0.010000
0.000000 0.009660 0.009780 0.009870 0.009930 0.009960 0.009980 0.010000 0.010000 0.010000 0.010010 0.010010 0.010000 0.010000 0.010000 0.010000 0.010000 0.010000 0.010000 0.010000 0.010000 0.010000 0.010000 0.010000 0.010000 0.010000 0.010000 0.010000 0.010000 0.010000 0.010000 0.010000 0.010000 0.010000 0.010000 0.010000 0.010000 0.010000 0.010000 0.010000
0.000000 0.009380 0.009600 0.009760 0.009860 0.009920 0.009960 0.009980 0.010000 0.010000 0.010000 0.010010 0.010010 0.010000 0.010000 0.010000 0.010000 0.010000 0.010000 0.010000 0.010000 0.010000 0.010000 0.010000 0.010000 0.010000 0.010000 0.010000 0.010000 0.010000 0.010000 0.010000 0.010000 0.010000 0.010000 0.010000 0.010000 0.010000 0.010000 0.010000
0.000000 0.009340 0.009560 0.009720 0.009830 0.009900 0.009940 0.009970 0.009980 0.009990 0.010000 0.010000 0.010000 0.010000 0.010000 0.010000 0.010000 0.010000 0.010000 0.010000 0.010000 0.010000 0.010000 0.010000 0.010000 0.010000 0.010000 0.010000 0.010000 0.010000 0.010000 0.010000 0.010000 0.010000 0.010000 0.010000 0.010000 0.010000 0.010000 0.010000
0.000000 0.016890 0.015560 0.014410 0.013460 0.012680 0.012070 0.011590 0.011210 0.010930 0.010700 0.010540 0.010410 0.010310 0.010230 0.010180 0.010140 0.010100 0.010080 0.010060 0.010040 0.010030 0.010030 0.010020 0.010010 0.010010 0.010010 0.010010 0.010000 0.010000 0.010000 0.010000 0.010000 0.010000 0.010000 0.010000 0.010000 0.010000 0.010000 0.010000
0.000000 0.017360 0.015960 0.014730 0.013710 0.012870 0.012220 0.011700 0.011300 0.010990 0.010750 0.010570 0.010440 0.010330 0.010250 0.010190 0.010140 0.010110 0.010080 0.010060 0.010050 0.010040 0.010030 0.010020 0.010020 0.010010 0.010010 0.010010 0.010010 0.010000 0.010000 0.010000 0.010000 0.010000 0.010000 0.010000 0.010000 0.010000 0.010000 0.010000
0.000000 0.012460 0.012070 0.011700 0.011370 0.011090 0.010850 0.010670 0.010510 0.010400 0.010300 0.010230 0.010180 0.010130 0.010100 0.010080 0.010060 0.010050 0.010030 0.010030 0.010020 0.010010 0.010010 0.010010 0.010010 0.010000 0.010000 0.010000 0.010000 0.010000 0.010000 0.010000 0.010000 0.010000 0.010000 0.010000 0.010000 0.010000 0.010000 0.010000
0.000000 0.009580 0.009630 0.009680 0.009730 0.009780 0.009820 0.009860 0.009890 0.009910 0.009930 0.009950 0.009960 0.009970 0.009980 0.009980 0.009990 0.009990 0.009990 0.009990 0.010000 0.010000 0.010000 0.010000 0.010000 0.010000 0.010000 0.010000 0.010000 0.010000 0.010000 0.010000 0.010000 0.010000 0.010000 0.010000 0.010000 0.010000 0.010000 0.010000
0.000000 0.009380 0.009490 0.009590 0.009670 0.009740 0.009800 0.009840 0.009880 0.009910 0.009930 0.009950 0.009960 0.009970 0.009980 0.009980 0.009990 0.009990 0.009990 0.009990 0.010000 0.010000 0.010000 0.010000 0.010000 0.010000 0.010000 0.010000 0.010000 0.010000 0.010000 0.010000 0.010000 0.010000 0.010000 0.010000 0.010000 0.010000 0.010000 0.010000
0.000000 0.009380 0.009460 0.009540 0.009620 0.009690 0.009750 0.009800 0.009850 0.009880 0.009910 0.009930 0.009940 0.009960 0.009970 0.009980 0.009980 0.009990 0.009990 0.009990 0.009990 0.010000 0.010000 0.010000 0.010000 0.010000 0.010000 0.010000 0.010000 0.010000 0.010000 0.010000 0.010000 0.010000 0.010000 0.010000 0.010000 0.010000 0.010000 0.010000
0.000000 0.009320 0.009420 0.009510 0.009600 0.009670 0.009740 0.009790 0.009840 0.009870 0.009900 0.009930 0.009940 0.009960 0.009970 0.009970 0.009980 0.009990 0.009990 0.009990 0.009990 0.010000 0.010000 0.010000 0.010000 0.010000 0.010000 0.010000 0.010000 0.010000 0.010000 0.010000 0.010000 0.010000 0.010000 0.010000 0.010000 0.010000 0.010000 0.010000
0.000000 0.009420 0.009510 0.009600 0.009670 0.009730 0.009790 0.009830 0.009870 0.009900 0.009920 0.009940 0.009950 0.009970 0.009970 0.009980 0.009980 0.009990 0.009990 0.009990 0.009990 0.010000 0.010000 0.010000 0.010000 0.010000 0.010000 0.010000 0.010000 0.010000 0.010000 0.010000 0.010000 0.010000 0.010000 0.010000 0.010000 0.010000 0.010000 0.010000
0.000000 0.009400 0.009490 0.009570 0.009640 0.009710 0.009770 0.009820 0.009860 0.009890 0.009910 0.009930 0.009950 0.009960 0.009970 0.009980 0.009980 0.009990 0.009990 0.009990 0.009990 0.010000 0.010000 0.010000 0.010000 0.010000 0.010000 0.010000 0.010000 0.010000 0.010000 0.010000 0.010000 0.010000 0.010000 0.010000 0.010000 0.010000 0.010000 0.010000
0.000000 0.009390 0.009480 0.009570 0.009650 0.009720 0.009780 0.009830 0.009860 0.009890 0.009920 0.009940 0.009950 0.009960 0.009970 0.009980 0.009980 0.009990 0.009990 0.009990 0.009990 0.010000 0.010000 0.010000 0.010000 0.010000 0.010000 0.010000 0.010000 0.010000 0.010000 0.010000 0.010000 0.010000 0.010000 0.010000 0.010000 0.010000 0.010000 0.010000
0.000000 0.009250 0.009350 0.009440 0.009540 0.009620 0.009690 0.009760 0.009810 0.009850 0.009880 0.009910 0.009930 0.009950 0.009960 0.009970 0.009980 0.009980 0.009990 0.009990 0.009990 0.009990 0.010000 0.010000 0.010000 0.010000 0.010000 0.010000 0.010000 0.010000 0.010000 0.010000 0.010000 0.010000 0.010000 0.010000 0.010000 0.010000 0.010000 0.010000
0.000000 0.009410 0.009470 0.009540 0.009610 0.009680 0.009740 0.009790 0.009830 0.009870 0.009900 0.009920 0.009940 0.009950 0.009970 0.009970 0.009980 0.009980 0.009990 0.009990 0.009990 0.009990 0.010000 0.010000 0.010000 0.010000 0.010000 0.010000 0.010000 0.010000 0.010000 0.010000 0.010000 0.010000 0.010000 0.010000 0.010000 0.010000 0.010000 0.010000
0.000000 0.009300 0.009380 0.009470 0.009550 0.009630 0.009700 0.009760 0.009810 0.009860 0.009890 0.009910 0.009930 0.009950 0.009960 0.009970 0.009980 0.009980 0.009990 0.009990 0.009990 0.009990 0.010000 0.010000 0.010000 0.010000 0.010000 0.010000 0.010000 0.010000 0.010000 0.010000 0.010000 0.010000 0.010000 0.010000 0.010000 0.010000 0.010000 0.010000
0.190520 0.009260 0.009360 0.009460 0.009550 0.009630 0.009710 0.009770 0.009820 0.009860 0.009890 0.009910 0.009930 0.009950 0.009960 0.009970 0.009980 0.009980 0.009990 0.009990 0.009990 0.009990 0.010000 0.010000 0.010000 0.010000 0.010000 0.010000 0.010000 0.010000 0.010000 0.010000 0.010000 0.010000 0.010000 0.010000 0.010000 0.010000 0.010000 0.010000
0.000000 0.009160 0.009290 0.009410 0.009520 0.009620 0.009700 0.009760 0.009810 0.009860 0.009890 0.009910 0.009930 0.009950 0.009960 0.009970 0.009980 0.009980 0.009990 0.009990 0.009990 0.009990 0.010000 0.010000 0.010000 0.010000 0.010000 0.010000 0.010000 0.010000 0.010000 0.010000 0.010000 0.010000 0.010000 0.010000 0.010000 0.010000 0.010000 0.010000
0.000000 0.009190 0.009300 0.009410 0.009510 0.009600 0.009680 0.009750 0.009800 0.009840 0.009880 0.009910 0.009930 0.009950 0.009960 0.009970 0.009980 0.009980 0.009990 0.009990 0.009990 0.009990 0.010000 0.010000 0.010000 0.010000 0.010000 0.010000 0.010000 0.010000 0.010000 0.010000 0.010000 0.010000 0.010000 0.010000 0.010000 0.010000 0.010000 0.010000
0.000000 0.009260 0.009350 0.009450 0.009540 0.009630 0.009700 0.009760 0.009810 0.009850 0.009890 0.009910 0.009930 0.009950 0.009960 0.009970 0.009980 0.009980 0.009990 0.009990 0.009990 0.009990 0.010000 0.010000 0.010000 0.010000 0.010000 0.010000 0.010000 0.010000 0.010000 0.010000 0.010000 0.010000 0.010000 0.010000 0.010000 0.010000 0.010000 0.010000
0.000000 0.009460 0.009520 0.009590 0.009660 0.009720 0.009770 0.009820 0.009860 0.009890 0.009910 0.009930 0.009950 0.009960 0.009970 0.009980 0.009980 0.009990 0.009990 0.009990 0.009990 0.010000 0.010000 0.010000 0.010000 0.010000 0.010000 0.010000 0.010000 0.010000 0.010000 0.010000 0.010000 0.010000 0.010000 0.010000 0.010000 0.010000 0.010000 0.010000
0.000000 0.009280 0.009310 0.009380 0.009460 0.009540 0.009620 0.009700 0.009760 0.009810 0.009850 0.009890 0.009910 0.009930 0.009950 0.009960 0.009970 0.009980 0.009980 0.009990 0.009990 0.009990 0.009990 0.010000 0.010000 0.010000 0.010000 0.010000 0.010000 0.010000 0.010000 0.010000 0.010000 0.010000 0.010000 0.010000 0.010000 0.010000 0.010000 0.010000
0.000000 0.009120 0.009200 0.009290 0.009400 0.009500 0.009590 0.009670 0.009740 0.009800 0.009840 0.009880 0.009910 0.009930 0.009950 0.009960 0.009970 0.009980 0.009980 0.009990 0.009990 0.009990 0.009990 0.010000 0.010000 0.010000 0.010000 0.010000 0.010000 0.010000 0.010000 0.010000 0.010000 0.010000 0.010000 0.010000 0.010000 0.010000 0.010000 0.010000
0.197790 0.009290 0.009330 0.009400 0.009480 0.009560 0.009640 0.009710 0.009770 0.009820 0.009860 0.009890 0.009920 0.009940 0.009950 0.009960 0.009970 0.009980 0.009980 0.009990 0.009990 0.009990 0.009990 0.010000 0.010000 0.010000 0.010000 0.010000 0.010000 0.010000 0.010000 0.010000 0.010000 0.010000 0.010000 0.010000 0.010000 0.010000 0.010000 0.010000
0.000000 0.009250 0.009340 0.009430 0.009520 0.009600 0.009680 0.009740 0.009800 0.009840 0.009880 0.009910 0.009930 0.009940 0.009960 0.009970 0.009980 0.009980 0.009990 0.009990 0.009990 0.009990 0.010000 0.010000 0.010000 0.010000 0.010000 0.010000 0.010000 0.010000 0.010000 0.010000 0.010000 0.010000 0.010000 0.010000 0.010000 0.010000 0.010000 0.010000
0.000000 0.009240 0.009330 0.009420 0.009510 0.009600 0.009670 0.009740 0.009790 0.009840 0.009870 0.009900 0.009930 0.009940 0.009960 0.009970 0.009970 0.009980 0.009990 0.009990 0.009990 0.009990 0.010000 0.010000 0.010000 0.010000 0.010000 0.010000 0.010000 0.010000 0.010000 0.010000 0.010000 0.010000 0.010000 0.010000 0.010000 0.010000 0.010000 0.010000
0.000000 0.009240 0.009330 0.009420 0.009510 0.009600 0.009670 0.009740 0.009790 0.009840 0.009880 0.009900 0.009930 0.009940 0.009960 0.009970 0.009970 0.009980 0.009990 0.009990 0.009990 0.009990 0.010000 0.010000 0.010000 0.010000 0.010000 0.010000 0.010000 0.010000 0.010000 0.010000 0.010000 0.010000 0.010000 0.010000 0.010000 0.010000 0.010000 0.010000
0.000000 0.009260 0.009340 0.009420 0.009510 0.009590 0.009670 0.009730 0.009790 0.009840 0.009870 0.009900 0.009920 0.009940 0.009960 0.009970 0.009970 0.009980 0.009990 0.009990 0.009990 0.009990 0.010000 0.010000 0.010000 0.010000 0.010000 0.010000 0.010000 0.010000 0.010000 0.010000 0.010000 0.010000 0.010000 0.010000 0.010000 0.010000 0.010000 0.010000
0.000000 0.009210 0.009290 0.009380 0.009470 0.009560 0.009640 0.009710 0.009770 0.009820 0.009860 0.009890 0.009920 0.009940 0.009950 0.009960 0.009970 0.009980 0.009980 0.009990 0.009990 0.009990 0.009990 0.010000 0.010000 0.010000 0.010000 0.010000 0.010000 0.010000 0.010000 0.010000 0.010000 0.010000 0.010000 0.010000 0.010000 0.010000 0.010000 0.010000
0.000000 0.009260 0.009320 0.009400 0.009490 0.009570 0.009650 0.009720 0.009780 0.009830 0.009860 0.009890 0.009920 0.009940 0.009950 0.009960 0.009970 0.009980 0.009980 0.009990 0.009990 0.009990 0.009990 0.010000 0.010000 0.010000 0.010000 0.010000 0.010000 0.010000 0.010000 0.010000 0.010000 0.010000 0.010000 0.010000 0.010000 0.010000 0.010000 0.010000
0.000000 0.009190 0.009260 0.009340 0.009440 0.009530 0.009610 0.009690 0.009750 0.009810 0.009850 0.009880 0.009910 0.009930 0.009950 0.009960 0.009970 0.009980 0.009980 0.009990 0.009990 0.009990 0.009990 0.010000 0.010000 0.010000 0.010000 0.010000 0.010000 0.010000 0.010000 0.010000 0.010000 0.010000 0.010000 0.010000 0.010000 0.010000 0.010000 0.010000
0.000000 0.009340 0.009400 0.009480 0.009560 0.009630 0.009700 0.009760 0.009810 0.009850 0.009880 0.009910 0.009930 0.009950 0.009960 0.009970 0.009980 0.009980 0.009990 0.009990 0.009990 0.009990 0.010000 0.010000 0.010000 0.010000 0.010000 0.010000 0.010000 0.010000 0.010000 0.010000 0.010000 0.010000 0.010000 0.010000 0.010000 0.010000 0.010000 0.010000
0.000000 0.009460 0.009510 0.009570 0.009640 0.009700 0.009760 0.009810 0.009850 0.009880 0.009910 0.009930 0.009940 0.009960 0.009970 0.009980 0.009980 0.009990 0.009990 0.009990 0.009990 0.010000 0.010000 0.010000 0.010000 0.010000 0.010000 0.010000 0.010000 0.010000 0.010000 0.010000 0.010000 0.010000 0.010000 0.010000 0.010000 0.010000 0.010000 0.010000
0.000000 0.009450 0.009510 0.009570 0.009640 0.009700 0.009760 0.009810 0.009850 0.009880 0.009910 0.009930 0.009940 0.009960 0.009970 0.009980 0.009980 0.009990 0.009990 0.009990 0.009990 0.010000 0.010000 0.010000 0.010000 0.010000 0.010000 0.010000 0.010000 0.010000 0.010000 0.010000 0.010000 0.010000 0.010000 0.010000 0.010000 0.010000 0.010000 0.010000
0.000000 0.009470 0.009510 0.009570 0.009630 0.009700 0.009750 0.009800 0.009840 0.009880 0.009900 0.009930 0.009940 0.009960 0.009970 0.009970 0.009980 0.009990 0.009990 0.009990 0.009990 0.010000 0.010000 0.010000 0.010000 0.010000 0.010000 0.010000 0.010000 0.010000 0.010000 0.010000 0.010000 0.010000 0.010000 0.010000 0.010000 0.010000 0.010000 0.010000
0.000000 0.009470 0.009510 0.009570 0.009630 0.009700 0.009750 0.009800 0.009840 0.009880 0.009900 0.009930 0.009940 0.009960 0.009970 0.009970 0.009980 0.009990 0.009990 0.009990 0.009990 0.010000 0.010000 0.010000 0.010000 0.010000 0.010000 0.010000 0.010000 0.010000 0.010000 0.010000 0.010000 0.010000 0.010000 0.010000 0.010000 0.010000 0.010000 0.010000
0.000000 0.009470 0.009510 0.009570 0.009630 0.009700 0.009750 0.009800 0.009840 0.009880 0.009900 0.009930 0.009940 0.009960 0.009970 0.009970 0.009980 0.009990 0.009990 0.009990 0.009990 0.010000 0.010000 0.010000 0.010000 0.010000 0.010000 0.010000 0.010000 0.010000 0.010000 0.010000 0.010000 0.010000 0.010000 0.010000 0.010000 0.010000 0.010000 0.010000
0.000000 0.009470 0.009520 0.009580 0.009640 0.009700 0.009760 0.009800 0.009850 0.009880 0.009910 0.009930 0.009940 0.009960 0.009970 0.009980 0.009980 0.009990 0.009990 0.009990 0.009990 0.010000 0.010000 0.010000 0.010000 0.010000 0.010000 0.010000 0.010000 0.010000 0.010000 0.010000 0.010000 0.010000 0.010000 0.010000 0.010000 0.010000 0.010000 0.010000
0.649460 0.009520 0.009550 0.009600 0.009650 0.009710 0.009760 0.009810 0.009850 0.009880 0.009910 0.009930 0.009950 0.009960 0.009970 0.009980 0.009980 0.009990 0.009990 0.009990 0.009990 0.010000 0.010000 0.010000 0.010000 0.010000 0.010000 0.010000 0.010000 0.010000 0.010000 0.010000 0.010000 0.010000 0.010000 0.010000 0.010000 0.010000 0.010000 0.010000
0.000000 0.009200 0.009290 0.009390 0.009490 0.009580 0.009660 0.009730 0.009790 0.009830 0.009870 0.009900 0.009920 0.009940 0.009960 0.009970 0.009970 0.009980 0.009990 0.009990 0.009990 0.009990 0.010000 0.010000 0.010000 0.010000 0.010000 0.010000 0.010000 0.010000 0.010000 0.010000 0.010000 0.010000 0.010000 0.010000 0.010000 0.010000 0.010000 0.010000
0.000000 0.009200 0.009290 0.009390 0.009490 0.009580 0.009660 0.009730 0.009790 0.009830 0.009870 0.009900 0.009920 0.009940 0.009960 0.009970 0.009970 0.009980 0.009990 0.009990 0.009990 0.009990 0.010000 0.010000 0.010000 0.010000 0.010000 0.010000 0.010000 0.010000 0.010000 0.010000 0.010000 0.010000 0.010000 0.010000 0.010000 0.010000 0.010000 0.010000
0.000000 0.009310 0.009400 0.009490 0.009570 0.009650 0.009720 0.009780 0.009820 0.009860 0.009890 0.009920 0.009940 0.009950 0.009960 0.009970 0.009980 0.009980 0.009990 0.009990 0.009990 0.009990 0.010000 0.010000 0.010000 0.010000 0.010000 0.010000 0.010000 0.010000 0.010000 0.010000 0.010000 0.010000 0.010000 0.010000 0.010000 0.010000 0.010000 0.010000
0.000000 0.009370 0.009440 0.009510 0.009590 0.009660 0.009730 0.009780 0.009830 0.009870 0.009900 0.009920 0.009940 0.009950 0.009960 0.009970 0.009980 0.009980 0.009990 0.009990 0.009990 0.009990 0.010000 0.010000 0.010000 0.010000 0.010000 0.010000 0.010000 0.010000 0.010000 0.010000 0.010000 0.010000 0.010000 0.010000 0.010000 0.010000 0.010000 0.010000
0.000000 0.009240 0.009330 0.009430 0.009520 0.009610 0.009680 0.009750 0.009800 0.009850 0.009880 0.009910 0.009930 0.009950 0.009960 0.009970 0.009980 0.009980 0.009990 0.009990 0.009990 0.009990 0.010000 0.010000 0.010000 0.010000 0.010000 0.010000 0.010000 0.010000 0.010000 0.010000 0.010000 0.010000 0.010000 0.010000 0.010000 0.010000 0.010000 0.010000
0.000000 0.009200 0.009290 0.009390 0.009490 0.009580 0.009660 0.009730 0.009790 0.009830 0.009870 0.009900 0.009920 0.009940 0.009960 0.009970 0.009970 0.009980 0.009980 0.009990 0.009990 0.009990 0.009990 0.010000 0.010000 0.010000 0.010000 0.010000 0.010000 0.010000 0.010000 0.010000 0.010000 0.010000 0.010000 0.010000 0.010000 0.010000 0.010000 0.010000
0.000000 0.008900 0.009060 0.009210 0.009350 0.009480 0.009580 0.009670 0.009740 0.009800 0.009850 0.009880 0.009910 0.009930 0.009950 0.009960 0.009970 0.009980 0.009980 0.009990 0.009990 0.009990 0.009990 0.010000 0.010000 0.010000 0.010000 0.010000 0.010000 0.010000 0.010000 0.010000 0.010000 0.010000 0.010000 0.010000 0.010000 0.010000 0.010000 0.010000
0.000000 0.009250 0.009330 0.009420 0.009510 0.009600 0.009670 0.009740 0.009800 0.009840 0.009880 0.009900 0.009930 0.009940 0.009960 0.009970 0.009970 0.009980 0.009990 0.009990 0.009990 0.009990 0.010000 0.010000 0.010000 0.010000 0.010000 0.010000 0.010000 0.010000 0.010000 0.010000 0.010000 0.010000 0.010000 0.010000 0.010000 0.010000 0.010000 0.010000
0.000000 0.009440 0.009500 0.009560 0.009630 0.009690 0.009750 0.009800 0.009840 0.009880 0.009910 0.009930 0.009940 0.009960 0.009970 0.009970 0.009980 0.009990 0.009990 0.009990 0.009990 0.010000 0.010000 0.010000 0.010000 0.010000 0.010000 0.010000 0.010000 0.010000 0.010000 0.010000 0.010000 0.010000 0.010000 0.010000 0.010000 0.010000 0.010000 0.010000
0.000000 0.009440 0.009490 0.009560 0.009630 0.009690 0.009750 0.009800 0.009840 0.009880 0.009900 0.009930 0.009940 0.009960 0.009970 0.009970 0.009980 0.009990 0.009990 0.009990 0.009990 0.010000 0.010000 0.010000 0.010000 0.010000 0.010000 0.010000 0.010000 0.010000 0.010000 0.010000 0.010000 0.010000 0.010000 0.010000 0.010000 0.010000 0.010000 0.010000
0.000000 0.009190 0.009280 0.009380 0.009480 0.009580 0.009660 0.009730 0.009790 0.009830 0.009870 0.009900 0.009920 0.009940 0.009960 0.009970 0.009970 0.009980 0.009980 0.009990 0.009990 0.009990 0.010000 0.010000 0.010000 0.010000 0.010000 0.010000 0.010000 0.010000 0.010000 0.010000 0.010000 0.010000 0.010000 0.010000 0.010000 0.010000 0.010000 0.010000
0.000000 0.009380 0.009430 0.009500 0.009570 0.009650 0.009710 0.009770 0.009820 0.009860 0.009890 0.009910 0.009930 0.009950 0.009960 0.009970 0.009980 0.009980 0.009990 0.009990 0.009990 0.009990 0.010000 0.010000 0.010000 0.010000 0.010000 0.010000 0.010000 0.010000 0.010000 0.010000 0.010000 0.010000 0.010000 0.010000 0.010000 0.010000 0.010000 0.010000
0.000000 0.009160 0.009240 0.009330 0.009430 0.009530 0.009610 0.009690 0.009750 0.009810 0.009850 0.009880 0.009910 0.009930 0.009950 0.009960 0.009970 0.009980 0.009980 0.009990 0.009990 0.009990 0.009990 0.010000 0.010000 0.010000 0.010000 0.010000 0.010000 0.010000 0.010000 0.010000 0.010000 0.010000 0.010000 0.010000 0.010000 0.010000 0.010000 0.010000
0.181170 0.009320 0.009370 0.009440 0.009520 0.009600 0.009670 0.009740 0.009790 0.009840 0.009870 0.009900 0.009920 0.009940 0.009960 0.009970 0.009970 0.009980 0.009980 0.009990 0.009990 0.009990 0.010000 0.010000 0.010000 0.010000 0.010000 0.010000 0.010000 0.010000 0.010000 0.010000 0.010000 0.010000 0.010000 0.010000 0.010000 0.010000 0.010000 0.010000
