-0.033	0.01
-0.038	0.01
-0.051	0.01
-0.057	0.01
-0.078	0.01
-0.084	0.01
-0.123	0.01
-0.109	0.01
-0.089	0.01
-0.083	0.01
-0.06	0.01
-0.059	0.01
-0.042	0.01
-0.043	0.01
-0.032	0.01
-0.03	0.01
-0.023	0.01
-0.02	0.01
-0.024	0.01
-0.025	0.01
-0.027	0.01
-0.03	0.01
-0.034	0.01
-0.042	0.01
-0.037	0.01
-0.036	0.01
-0.044	0.01
-0.049	0.01
-0.033	0.01
-0.037	0.01
-0.048	0.01
-0.053	0.01
-0.056	0.01
-0.05	0.01
-0.063	0.01
-0.067	0.01
-0.082	0.01
-0.09	0.01
-0.087	0.01
-0.12	0.01
-0.091	0.01
-0.185	0.01
-0.081	0.01
-0.036	0.01
-0.03	0.01
-0.017	0.01
-0.018	0.01
-0.031	0.01
-0.027	0.01
-0.017	0.01
-0.027	0.01
-0.031	0.01
-0.033	0.01
-0.037	0.01
-0.039	0.01
-0.042	0.01
-0.042	0.01
-0.062	0.01
-0.065	0.01
-0.087	0.01
-0.091	0.01
-0.101	0.01
-0.112	0.01
-0.099	0.01
-0.106	0.01
