%<residue><chain><atom 1><atom 2><magnet><T1><T1 error><T2><T2 error><NOE><NOE error>
*2 A N H 400.00 3.048019 0.048232 4.927369 0.080987 0.503012 0.007265
3 A N H 400.00 2.984570 0.039921 4.713244 0.102811 0.515370 0.006740
4 A N H 400.00 3.038433 0.031414 4.981272 0.072678 0.527353 0.006108
5 A N H 400.00 3.078401 0.058321 4.870846 0.065437 0.519321 0.006226
6 A N H 400.00 3.078197 0.031821 4.826257 0.061285 0.525028 0.006570
7 A N H 400.00 3.019003 0.049818 4.671431 0.072092 0.505622 0.006001
8 A N H 400.00 3.002078 0.041699 4.669075 0.067046 0.498298 0.006022
9 A N H 400.00 2.950626 0.019638 4.755646 0.060738 0.465540 0.006053
10 A N H 400.00 2.817033 0.026807 4.500461 0.033781 0.428528 0.004973
11 A N H 400.00 2.733332 0.046852 4.426053 0.049034 0.389340 0.005746
*12 A N H 400.00 2.288059 0.020009 3.519742 0.044487 0.369939 0.005630
13 A N H 400.00 2.802681 0.030180 4.286194 0.041097 0.425973 0.005731
14 A N H 400.00 2.555396 0.026597 4.031661 0.038462 0.470709 0.004719
16 A N H 400.00 2.929532 0.037380 4.647377 0.093820 0.509943 0.005168
17 A N H 400.00 2.915032 0.050785 4.543436 0.054201 0.531468 0.005847
18 A N H 400.00 3.002305 0.020552 4.699363 0.036356 0.521065 0.005294
19 A N H 400.00 2.768402 0.047094 4.416099 0.048485 0.523072 0.006386
20 A N H 400.00 2.800885 0.018116 4.402659 0.034141 0.481514 0.005140
21 A N H 400.00 3.028602 0.024979 4.816155 0.057772 0.506420 0.005171
22 A N H 400.00 2.996424 0.030797 5.044170 0.035333 0.527720 0.005310
23 A N H 400.00 3.111872 0.039165 5.127971 0.055373 0.581929 0.005763
24 A N H 400.00 2.932273 0.032936 4.964714 0.064766 0.592637 0.004377
26 A N H 400.00 3.031857 0.047509 4.987638 0.061801 0.566376 0.005529
28 A N H 400.00 3.084718 0.037528 5.396409 0.075760 0.596732 0.005621
29 A N H 400.00 3.180178 0.019203 5.267186 0.070658 0.591284 0.005236
30 A N H 400.00 3.197911 0.023371 5.365867 0.053895 0.613173 0.004405
31 A N H 400.00 3.241131 0.039348 5.509817 0.041233 0.609203 0.005032
32 A N H 400.00 3.129127 0.051109 5.509512 0.105955 0.600424 0.005847
33 A N H 400.00 3.187928 0.048738 5.259362 0.048639 0.604620 0.005338
34 A N H 400.00 3.182382 0.023713 5.308609 0.071057 0.594792 0.004989
36 A N H 400.00 3.125027 0.042537 5.261152 0.084436 0.570023 0.004926
37 A N H 400.00 2.950721 0.028378 4.929043 0.045274 0.528429 0.006289
38 A N H 400.00 2.975133 0.028583 4.893283 0.044656 0.547942 0.006287
*39 A N H 400.00 2.911527 0.023474 5.241419 0.037388 0.541844 0.005956
40 A N H 400.00 2.599978 0.020908 4.463578 0.043467 0.399068 0.004741
*41 A N H 400.00 2.184832 0.011297 3.412293 0.023998 0.191826 0.004279
42 A N H 400.00 2.902325 0.020813 4.779456 0.085037 0.555377 0.006031
43 A N H 400.00 3.104613 0.033651 4.817528 0.061687 0.538987 0.006026
44 A N H 400.00 2.999354 0.024687 4.718838 0.046369 0.521481 0.005878
45 A N H 400.00 2.873719 0.042389 4.517873 0.065538 0.546929 0.004405
46 A N H 400.00 2.995285 0.047187 4.610403 0.062406 0.539941 0.007137
47 A N H 400.00 2.888308 0.022218 4.607603 0.038368 0.501840 0.004744
48 A N H 400.00 2.788121 0.036043 4.575924 0.031022 0.507176 0.004254
*49 A N H 400.00 2.890039 0.032885 4.693011 0.079581 0.522399 0.006281
50 A N H 400.00 3.061043 0.030817 4.620718 0.036680 0.520521 0.006110
51 A N H 400.00 2.955732 0.050714 4.656176 0.044409 0.526297 0.007301
*52 A N H 400.00 3.165870 0.049552 4.990445 0.065909 0.569069 0.006772
53 A N H 400.00 3.058037 0.055358 4.732387 0.088752 0.536407 0.006093
54 A N H 400.00 3.157274 0.033549 4.863082 0.083412 0.517006 0.006204
55 A N H 400.00 3.014416 0.028600 4.793736 0.061819 0.526066 0.006449
*56 A N H 400.00 2.996007 0.037218 4.966411 0.042518 0.490225 0.006371

*2 A N H 500.00 2.667483 0.037891 4.905820 0.035742 0.591190 0.010283
3 A N H 500.00 2.672639 0.033890 4.726413 0.051759 0.619165 0.008180
4 A N H 500.00 2.735406 0.020873 4.987897 0.081378 0.641458 0.007477
5 A N H 500.00 2.692827 0.020037 4.916255 0.102146 0.621036 0.007433
6 A N H 500.00 2.608188 0.023162 4.813336 0.034099 0.634834 0.007443
7 A N H 500.00 2.630316 0.012698 4.723275 0.071784 0.621488 0.007697
8 A N H 500.00 2.576411 0.012664 4.652239 0.043964 0.608671 0.007207
9 A N H 500.00 2.527223 0.006512 4.655541 0.015036 0.630399 0.007444
10 A N H 500.00 2.539468 0.009165 4.402805 0.010712 0.564682 0.005994
11 A N H 500.00 2.403476 0.005723 4.540695 0.011991 0.534976 0.008004
*12 A N H 500.00 2.068212 0.005583 3.795904 0.009986 0.503255 0.007663
13 A N H 500.00 2.389930 0.013879 4.342609 0.037063 0.550357 0.006525
14 A N H 500.00 2.215683 0.018306 4.102252 0.072192 0.584496 0.006330
16 A N H 500.00 2.544501 0.025574 4.542440 0.088777 0.629449 0.006745
17 A N H 500.00 2.570871 0.015103 4.530827 0.077114 0.637691 0.007077
18 A N H 500.00 2.610815 0.025596 4.701883 0.044079 0.622986 0.006904
19 A N H 500.00 2.441626 0.050341 4.465103 0.081245 0.637550 0.006963
20 A N H 500.00 2.414435 0.008794 4.457132 0.016723 0.612175 0.008180
21 A N H 500.00 2.657628 0.010494 4.851146 0.014477 0.614149 0.006540
22 A N H 500.00 2.644958 0.019254 4.868127 0.110116 0.706522 0.007457
23 A N H 500.00 2.648976 0.029935 5.161266 0.075422 0.681883 0.006286
24 A N H 500.00 2.512843 0.017352 5.090017 0.101994 0.681853 0.005937
26 A N H 500.00 2.497740 0.013465 4.870252 0.158192 0.654172 0.007350
28 A N H 500.00 2.653903 0.041989 5.462485 0.070960 0.692860 0.007367
29 A N H 500.00 2.588630 0.032564 5.314602 0.097035 0.693193 0.007016
30 A N H 500.00 2.781950 0.038433 5.440799 0.058126 0.693382 0.006865
31 A N H 500.00 2.768614 0.042986 5.586125 0.041239 0.711146 0.006760
32 A N H 500.00 2.711169 0.037522 5.558107 0.060188 0.692722 0.006475
33 A N H 500.00 2.766437 0.013539 5.274743 0.140545 0.704957 0.006361
34 A N H 500.00 2.741102 0.047122 5.421174 0.100619 0.692157 0.005836
36 A N H 500.00 2.582312 0.017168 5.324587 0.041022 0.663944 0.005874
37 A N H 500.00 2.563084 0.033857 4.720846 0.073638 0.666281 0.007451
38 A N H 500.00 2.591866 0.007341 4.970197 0.016538 0.636662 0.006514
*39 A N H 500.00 2.522979 0.005594 5.298739 0.011809 0.634516 0.006235
40 A N H 500.00 2.266665 0.004750 4.373544 0.011835 0.524099 0.006808
41 A N H 500.00 1.963212 0.009063 3.388713 0.007837 0.332639 0.007277
42 A N H 500.00 2.567382 0.031472 4.839338 0.175801 0.642077 0.006914
43 A N H 500.00 2.761961 0.016415 5.029480 0.083041 0.646012 0.006546
44 A N H 500.00 2.668003 0.009294 4.830625 0.095489 0.632442 0.006297
45 A N H 500.00 2.506363 0.046512 4.617843 0.078528 0.668231 0.006865
46 A N H 500.00 2.606807 0.020879 4.689027 0.058443 0.643822 0.007643
47 A N H 500.00 2.540131 0.005917 4.741571 0.011788 0.646216 0.006413
48 A N H 500.00 2.432484 0.026961 4.474808 0.012360 0.716166 0.005961
*49 A N H 500.00 2.482125 0.007136 4.802822 0.013478 0.655331 0.008584
50 A N H 500.00 2.708074 0.008065 4.587489 0.012680 0.672835 0.006828
51 A N H 500.00 2.605435 0.033987 4.646853 0.062188 0.636750 0.007991
*52 A N H 500.00 2.975197 0.020438 5.390773 0.103052 0.677092 0.008461
53 A N H 500.00 2.669148 0.035118 4.969276 0.070063 0.650269 0.007676
54 A N H 500.00 2.664422 0.019579 4.855702 0.080907 0.622826 0.007711
55 A N H 500.00 2.616434 0.048870 4.851592 0.059640 0.627973 0.007723
*56 A N H 500.00 2.624163 0.006349 4.952994 0.013155 0.613304 0.006629

*2 A N H 600.00 2.300308 0.038523 5.056525 0.039846 0.639089 0.009900
3 A N H 600.00 2.276911 0.024362 4.778002 0.042812 0.695735 0.009900
4 A N H 600.00 2.356777 0.023803 5.099474 0.031392 0.693268 0.008500
5 A N H 600.00 2.387973 0.019532 5.203519 0.105184 0.703889 0.008400
6 A N H 600.00 2.355555 0.020916 5.015507 0.049854 0.700299 0.009100
7 A N H 600.00 2.312775 0.035069 4.853932 0.057846 0.710742 0.008300
8 A N H 600.00 2.330157 0.018197 5.018458 0.049702 0.697497 0.007600
9 A N H 600.00 2.293018 0.020153 4.896994 0.035259 0.672413 0.007100
10 A N H 600.00 2.218472 0.014026 4.781191 0.033462 0.642683 0.006000
11 A N H 600.00 2.095343 0.018639 4.646481 0.029582 0.607327 0.007100
*12 A N H 600.00 1.869316 0.013644 3.780496 0.018387 0.589100 0.006100
13 A N H 600.00 2.129328 0.018976 4.658710 0.039196 0.633860 0.007000
14 A N H 600.00 2.064908 0.055549 4.273278 0.098271 0.645261 0.006400
16 A N H 600.00 2.257285 0.039893 4.777745 0.155981 0.693909 0.007000
17 A N H 600.00 2.210841 0.030686 4.748043 0.023231 0.691748 0.008300
18 A N H 600.00 2.316420 0.061444 4.968901 0.094676 0.704641 0.006900
19 A N H 600.00 2.133770 0.024507 4.526309 0.019541 0.701343 0.008400
20 A N H 600.00 2.215260 0.040866 4.580229 0.046899 0.690907 0.006300
21 A N H 600.00 2.277677 0.016262 4.937471 0.020256 0.676855 0.005900
22 A N H 600.00 2.335498 0.056000 5.395945 0.171469 0.694076 0.005900
23 A N H 600.00 2.347779 0.029605 5.340635 0.045835 0.752099 0.007100
24 A N H 600.00 2.187923 0.048618 5.240804 0.052214 0.738716 0.006000
26 A N H 600.00 2.394212 0.061236 5.318519 0.166774 0.739596 0.006600
28 A N H 600.00 2.258569 0.108248 5.478561 0.169825 0.745979 0.006700
29 A N H 600.00 2.318090 0.060405 5.538732 0.234513 0.741131 0.006300
30 A N H 600.00 2.427728 0.067051 5.670367 0.101162 0.744979 0.006800
31 A N H 600.00 2.314865 0.061249 5.904491 0.089700 0.756591 0.006700
32 A N H 600.00 2.347548 0.026778 5.756781 0.185553 0.748231 0.006400
33 A N H 600.00 2.440502 0.059345 5.624713 0.150215 0.743501 0.006600
34 A N H 600.00 2.424620 0.017963 5.698812 0.033981 0.744645 0.006400
36 A N H 600.00 2.268823 0.048707 5.619221 0.142841 0.768832 0.005700
37 A N H 600.00 2.222246 0.018745 5.052502 0.068093 0.726275 0.007100
38 A N H 600.00 2.282481 0.014824 5.174865 0.032382 0.719973 0.006900
*39 A N H 600.00 2.284874 0.016642 5.760895 0.023821 0.706884 0.007200
40 A N H 600.00 1.995487 0.011954 4.692259 0.021101 0.588812 0.006000
41 A N H 600.00 1.719968 0.024398 3.546396 0.013485 0.430832 0.004700
42 A N H 600.00 2.282247 0.019996 4.982483 0.110406 0.716769 0.008500
43 A N H 600.00 2.360944 0.022762 5.211989 0.086190 0.713592 0.008400
44 A N H 600.00 2.375163 0.022938 5.052726 0.028314 0.705782 0.007900
45 A N H 600.00 2.252315 0.017494 4.746284 0.022002 0.731454 0.007700
46 A N H 600.00 2.365126 0.039194 4.853768 0.077023 0.724104 0.008300
47 A N H 600.00 2.211021 0.014201 4.696073 0.023246 0.711069 0.005900
48 A N H 600.00 2.119988 0.011107 4.750203 0.018057 0.703754 0.005300
*49 A N H 600.00 2.213201 0.020397 4.861500 0.024421 0.755170 0.008600
50 A N H 600.00 2.381413 0.022904 5.068613 0.024065 0.708986 0.006900
51 A N H 600.00 2.317814 0.028490 4.908614 0.060903 0.715693 0.008900
*52 A N H 600.00 2.372712 0.042221 5.218254 0.189158 0.738185 0.010600
53 A N H 600.00 2.329577 0.031919 4.991816 0.059464 0.719014 0.008600
54 A N H 600.00 2.417804 0.021272 5.173883 0.038212 0.697796 0.009000
55 A N H 600.00 2.323677 0.058305 5.001800 0.034659 0.715022 0.009300
*56 A N H 600.00 2.336951 0.016484 5.171884 0.022837 0.683757 0.007200

*2 A N H 700.00 2.177144 0.034214 5.391733 0.031123 0.670391 0.009333
3 A N H 700.00 2.051089 0.029800 5.051022 0.050490 0.727564 0.008486
4 A N H 700.00 2.098920 0.019183 5.266607 0.029472 0.752205 0.007991
5 A N H 700.00 2.146219 0.012729 5.248235 0.079472 0.742868 0.007855
6 A N H 700.00 2.011456 0.010071 5.143799 0.057441 0.736663 0.008310
7 A N H 700.00 1.963479 0.009279 4.909454 0.131949 0.722874 0.008047
8 A N H 700.00 1.955438 0.041259 5.048731 0.022326 0.741963 0.007954
9 A N H 700.00 2.088382 0.011496 5.114170 0.013897 0.740988 0.007569
10 A N H 700.00 2.035809 0.006491 5.108996 0.015305 0.703393 0.006747
11 A N H 700.00 1.955358 0.019550 4.983643 0.018066 0.648272 0.007369
*12 A N H 700.00 1.729447 0.023318 3.923292 0.010887 0.660297 0.007247
13 A N H 700.00 1.860766 0.009188 4.520996 0.027053 0.688739 0.006506
14 A N H 700.00 1.834342 0.021359 4.514053 0.104237 0.668228 0.006439
16 A N H 700.00 2.025047 0.043285 4.875244 0.088679 0.724866 0.007021
17 A N H 700.00 2.093233 0.038115 5.189792 0.105269 0.741355 0.007422
18 A N H 700.00 2.059542 0.039496 5.096537 0.086594 0.733736 0.007227
19 A N H 700.00 1.974417 0.032463 4.782442 0.050829 0.748198 0.007834
20 A N H 700.00 1.832537 0.010816 4.554512 0.017809 0.742369 0.007296
21 A N H 700.00 2.110459 0.016286 5.299770 0.013401 0.730008 0.007148
22 A N H 700.00 2.157527 0.040126 5.790227 0.130731 0.768130 0.006586
23 A N H 700.00 2.048969 0.018397 5.425215 0.078777 0.797764 0.007005
24 A N H 700.00 1.943832 0.017983 5.696484 0.015589 0.773900 0.006099
26 A N H 700.00 1.789057 0.027947 5.030251 0.099665 0.754190 0.006672
28 A N H 700.00 2.027043 0.036825 5.917030 0.066859 0.787702 0.006973
29 A N H 700.00 2.009689 0.043536 5.655542 0.035962 0.791268 0.006491
30 A N H 700.00 2.209110 0.019210 6.142632 0.018162 0.790445 0.006946
31 A N H 700.00 2.134801 0.014179 6.195968 0.063018 0.780249 0.007640
32 A N H 700.00 2.072829 0.041900 6.084980 0.130397 0.776273 0.007225
33 A N H 700.00 2.162925 0.015559 5.927681 0.145161 0.784116 0.007064
34 A N H 700.00 2.091536 0.020206 5.970766 0.017334 0.788941 0.007033
36 A N H 700.00 1.988267 0.012491 5.721336 0.017883 0.795135 0.006706
37 A N H 700.00 2.025450 0.047424 5.351030 0.106436 0.765292 0.007498
38 A N H 700.00 2.103347 0.005715 5.570114 0.015367 0.762957 0.007994
*39 A N H 700.00 2.016227 0.010439 6.115584 0.016531 0.755116 0.007025
40 A N H 700.00 1.829141 0.029184 5.309471 0.013269 0.645224 0.006685
41 A N H 700.00 1.590389 0.017885 3.912505 0.009153 0.507505 0.006143
42 A N H 700.00 1.961622 0.021370 5.268977 0.088651 0.739514 0.006980
43 A N H 700.00 2.334512 0.038575 5.637008 0.061199 0.760982 0.007794
44 A N H 700.00 2.116127 0.016583 5.128111 0.059498 0.748825 0.006976
45 A N H 700.00 2.051561 0.013469 5.028981 0.038771 0.782896 0.006765
46 A N H 700.00 2.089043 0.017165 5.140160 0.087503 0.755978 0.008188
47 A N H 700.00 2.037117 0.010589 4.878206 0.015823 0.751934 0.006784
48 A N H 700.00 1.958460 0.006471 5.225050 0.013091 0.748472 0.006291
*49 A N H 700.00 2.003933 0.025652 4.982731 0.018604 0.770832 0.007605
50 A N H 700.00 2.245084 0.014185 5.444982 0.016991 0.786599 0.007665
51 A N H 700.00 2.025524 0.018026 5.015633 0.048010 0.747758 0.007861
*52 A N H 700.00 2.592194 0.061345 6.354003 0.056776 0.797322 0.009639
53 A N H 700.00 2.198531 0.010329 5.413656 0.079525 0.749115 0.007947
54 A N H 700.00 2.173988 0.014647 5.319940 0.041325 0.723718 0.007837
55 A N H 700.00 2.047229 0.014175 5.302126 0.030628 0.743492 0.007815
*56 A N H 700.00 2.150142 0.009777 5.370996 0.015429 0.743313 0.007872

*2 A N H 800.00 1.905240 0.026152 5.705017 0.012374 0.720050 0.010757
3 A N H 800.00 1.853511 0.033970 5.417860 0.056956 0.763318 0.009744
4 A N H 800.00 1.899789 0.048562 5.597757 0.102400 0.770578 0.010344
5 A N H 800.00 1.894012 0.032050 5.543539 0.065788 0.764102 0.008885
6 A N H 800.00 1.860257 0.030994 5.384399 0.104470 0.754848 0.010414
7 A N H 800.00 1.762758 0.034740 5.193983 0.094105 0.767567 0.009970
8 A N H 800.00 1.748033 0.033210 5.289665 0.106574 0.802822 0.010008
9 A N H 800.00 1.901355 0.009658 5.544301 0.006526 0.764584 0.008093
10 A N H 800.00 1.922473 0.007547 5.435988 0.007525 0.719284 0.006740
11 A N H 800.00 1.879046 0.003709 5.428183 0.008048 0.711141 0.008582
*12 A N H 800.00 1.673694 0.002939 3.981288 0.005169 0.730094 0.007344
13 A N H 800.00 1.657910 0.019292 4.841238 0.035224 0.740361 0.007316
14 A N H 800.00 1.735648 0.024344 4.923430 0.114332 0.704504 0.005878
16 A N H 800.00 1.806749 0.012672 5.337170 0.130090 0.755642 0.007116
17 A N H 800.00 1.943321 0.060625 5.483784 0.084117 0.782656 0.009010
18 A N H 800.00 1.914456 0.022725 5.509950 0.020878 0.754264 0.007634
19 A N H 800.00 1.798079 0.021887 5.147619 0.079138 0.780341 0.009142
20 A N H 800.00 1.606119 0.015353 4.649702 0.005888 0.773787 0.007917
21 A N H 800.00 1.950830 0.010427 5.758292 0.006426 0.852693 0.008326
22 A N H 800.00 2.013564 0.012377 5.980438 0.157743 0.875199 0.006996
23 A N H 800.00 1.801338 0.046158 5.907661 0.131959 0.815787 0.007055
24 A N H 800.00 1.785262 0.020917 6.078894 0.158875 0.793904 0.006845
26 A N H 800.00 1.579726 0.022581 5.115295 0.213580 0.794779 0.007753
28 A N H 800.00 1.816191 0.024749 6.252056 0.202255 0.804141 0.008067
29 A N H 800.00 1.761238 0.024068 5.921823 0.205857 0.814366 0.007264
30 A N H 800.00 2.036397 0.040958 6.609304 0.138487 0.819312 0.006909
31 A N H 800.00 1.926923 0.047715 6.720075 0.149362 0.826640 0.007699
32 A N H 800.00 1.956890 0.046690 6.644052 0.093069 0.821412 0.006085
33 A N H 800.00 1.896028 0.035520 6.574702 0.167497 0.819337 0.006594
34 A N H 800.00 1.914140 0.032537 6.513009 0.200915 0.805593 0.008065
36 A N H 800.00 1.812634 0.013551 6.026099 0.023571 0.808924 0.005921
37 A N H 800.00 1.828829 0.028595 5.591631 0.026126 0.813206 0.008162
38 A N H 800.00 1.863592 0.007720 5.497841 0.009122 0.859112 0.008940
*39 A N H 800.00 1.850461 0.019396 6.634256 0.010407 0.826537 0.009206
40 A N H 800.00 1.657923 0.011383 4.977563 0.007626 0.732400 0.007632
41 A N H 800.00 1.437644 0.006647 3.733919 0.003418 0.585615 0.005766
42 A N H 800.00 1.790885 0.018216 5.589955 0.106073 0.763268 0.007870
43 A N H 800.00 2.133153 0.019948 6.148561 0.030464 0.787998 0.009308
44 A N H 800.00 1.879205 0.017711 5.570749 0.031096 0.773697 0.008241
45 A N H 800.00 1.919447 0.022088 5.372865 0.044258 0.808970 0.007275
46 A N H 800.00 1.928988 0.038710 5.644448 0.105820 0.780930 0.010335
47 A N H 800.00 1.901587 0.007663 5.157143 0.005340 0.877044 0.007092
48 A N H 800.00 1.840462 0.007299 5.640038 0.006814 0.778132 0.006323
*49 A N H 800.00 1.909419 0.032092 4.211000 0.073397 0.818655 0.009202
50 A N H 800.00 2.160964 0.015116 5.804977 0.008196 0.793581 0.008421
51 A N H 800.00 1.840073 0.031208 5.398271 0.019367 0.775128 0.009205
*52 A N H 800.00 2.474716 0.095182 7.095062 0.252230 0.811023 0.011830
53 A N H 800.00 2.020852 0.049272 5.875010 0.107952 0.774221 0.009283
54 A N H 800.00 2.042157 0.029438 5.737954 0.019307 0.760470 0.009218
55 A N H 800.00 1.852569 0.019226 5.488800 0.024974 0.781323 0.009085
*56 A N H 800.00 1.999859 0.032998 4.703221 0.060935 0.762683 0.009034
