0.000000000000000000e+00
6.597539553864470996e-01
7.578582832551989945e-01
8.705505632961241247e-01
1.000000000000000000e+00
1.148698354997034876e+00
1.319507910772894199e+00
1.515716566510397989e+00
1.741101126592248249e+00
1.999999999999999778e+00
2.297396709994069752e+00
2.639015821545788398e+00
3.031433133020795534e+00
3.482202253184496055e+00
3.999999999999998668e+00
4.594793419988139505e+00
5.278031643091575020e+00
6.062866266041591068e+00
6.964404506368992109e+00
7.999999999999997335e+00
9.189586839976279009e+00
1.055606328618315004e+01
1.212573253208317858e+01
1.392880901273798067e+01
1.599999999999999467e+01
1.837917367995256157e+01
2.111212657236631429e+01
2.425146506416636427e+01
2.785761802547596844e+01
3.200000000000000000e+01
3.675834735990512314e+01
4.222425314473260016e+01
4.850293012833272854e+01
5.571523605095193687e+01
6.400000000000000000e+01
7.351669471981024628e+01
8.444850628946520033e+01
9.700586025666545709e+01
1.114304721019038737e+02
1.280000000000000000e+02
