2 A N H 600.13 1.320000 0.009460 11.283000 0.106790 0.745330 0.004840
3 A N H 600.13 1.324600 0.001160 11.677000 0.058260 0.781310 0.005990
5 A N H 600.13 1.275700 0.018780 11.119000 0.064300 0.782360 0.005490
6 A N H 600.13 1.343400 0.006750 11.168000 0.095620 0.807190 0.006560
12 A N H 600.13 1.319800 0.001960 10.724000 0.062260 0.713280 0.005380
13 A N H 600.13 1.276600 0.019450 10.610000 0.080970 0.741980 0.006240
14 A N H 600.13 1.320400 0.006790 11.946000 0.081040 0.782100 0.005240
15 A N H 600.13 1.371000 0.008540 11.368000 0.058760 0.784170 0.005620
16 A N H 600.13 1.244900 0.006480 10.666000 0.127430 0.728620 0.004920
17 A N H 600.13 1.378300 0.014100 11.208000 0.077570 0.788720 0.005400
18 A N H 600.13 1.296100 0.009160 11.437000 0.076210 0.776860 0.005870
20 A N H 600.13 1.217000 0.009680 12.098000 0.090750 0.765690 0.004990
21 A N H 600.13 1.459700 0.009570 11.864000 0.070560 0.828310 0.004630
26 A N H 600.13 1.395700 0.006250 11.639000 0.102950 0.811280 0.005450
28 A N H 600.13 1.419900 0.029990 12.469000 0.133740 0.797200 0.004620
29 A N H 600.13 1.372800 0.005650 11.778000 0.071690 0.818380 0.005270
31 A N H 600.13 1.423500 0.009030 12.328000 0.102170 0.827070 0.005710
32 A N H 600.13 1.364200 0.008870 12.183000 0.071930 0.804410 0.004520
33 A N H 600.13 1.330400 0.008820 11.051000 0.012860 0.801800 0.004880
34 A N H 600.13 1.296900 0.007740 11.246000 0.114130 0.765310 0.005920
35 A N H 600.13 1.214200 0.003740 13.201000 0.059490 0.824250 0.006080
36 A N H 600.13 1.142700 0.004320 10.759000 0.054250 0.819650 0.005580
39 A N H 600.13 1.380800 0.009740 11.817000 0.072530 0.809520 0.004390
40 A N H 600.13 1.249800 0.002480 13.003000 0.092140 0.804120 0.005640
41 A N H 600.13 1.288000 0.005970 12.135000 0.085280 0.800580 0.005560
42 A N H 600.13 1.359500 0.007310 11.885000 0.145280 0.837410 0.006750
44 A N H 600.13 1.349600 0.011390 11.759000 0.052460 0.821610 0.006860
47 A N H 600.13 1.452000 0.028020 12.075000 0.367010 0.786730 0.016600
50 A N H 600.13 1.419100 0.010530 12.725000 0.101520 0.800480 0.008650
51 A N H 600.13 1.343600 0.009890 11.856000 0.187350 0.786730 0.008190
52 A N H 600.13 1.163400 0.007920 12.351000 0.047760 0.785390 0.005320
54 A N H 600.13 1.216800 0.002780 12.448000 0.042860 0.802030 0.004820
55 A N H 600.13 1.345700 0.010870 11.810000 0.093940 0.781630 0.006610
56 A N H 600.13 1.324600 0.017180 12.472000 0.083670 0.817220 0.006650
57 A N H 600.13 1.293600 0.004470 12.096000 0.052010 0.806810 0.004890
58 A N H 600.13 1.421000 0.013780 12.484000 0.101860 0.818600 0.004900
61 A N H 600.13 1.358700 0.007770 11.185000 0.066570 0.806050 0.005540
62 A N H 600.13 1.091100 0.007120 10.777000 0.076660 0.573120 0.006710
63 A N H 600.13 1.227900 0.009620 11.940000 0.089290 0.754080 0.005480
64 A N H 600.13 1.335400 0.008320 11.812000 0.138890 0.804590 0.007150
65 A N H 600.13 1.220000 0.006240 13.219000 0.057110 0.803680 0.006000
66 A N H 600.13 1.301800 0.006770 12.414000 0.074350 0.825690 0.008710
69 A N H 600.13 1.362100 0.010410 10.820000 0.197430 0.812550 0.007160
71 A N H 600.13 1.365000 0.054150 13.684000 0.208770 0.765240 0.008900
2 B N H 600.13 1.320000 0.009460 11.283000 0.106790 0.745330 0.004840
3 B N H 600.13 1.324600 0.001160 11.677000 0.058260 0.781310 0.005990
5 B N H 600.13 1.275700 0.018780 11.119000 0.064300 0.782360 0.005490
6 B N H 600.13 1.343400 0.006750 11.168000 0.095620 0.807190 0.006560
12 B N H 600.13 1.319800 0.001960 10.724000 0.062260 0.713280 0.005380
13 B N H 600.13 1.276600 0.019450 10.610000 0.080970 0.741980 0.006240
14 B N H 600.13 1.320400 0.006790 11.946000 0.081040 0.782100 0.005240
15 B N H 600.13 1.371000 0.008540 11.368000 0.058760 0.784170 0.005620
16 B N H 600.13 1.244900 0.006480 10.666000 0.127430 0.728620 0.004920
17 B N H 600.13 1.378300 0.014100 11.208000 0.077570 0.788720 0.005400
18 B N H 600.13 1.296100 0.009160 11.437000 0.076210 0.776860 0.005870
20 B N H 600.13 1.217000 0.009680 12.098000 0.090750 0.765690 0.004990
21 B N H 600.13 1.459700 0.009570 11.864000 0.070560 0.828310 0.004630
26 B N H 600.13 1.395700 0.006250 11.639000 0.102950 0.811280 0.005450
28 B N H 600.13 1.419900 0.029990 12.469000 0.133740 0.797200 0.004620
29 B N H 600.13 1.372800 0.005650 11.778000 0.071690 0.818380 0.005270
31 B N H 600.13 1.423500 0.009030 12.328000 0.102170 0.827070 0.005710
32 B N H 600.13 1.364200 0.008870 12.183000 0.071930 0.804410 0.004520
33 B N H 600.13 1.330400 0.008820 11.051000 0.012860 0.801800 0.004880
34 B N H 600.13 1.296900 0.007740 11.246000 0.114130 0.765310 0.005920
35 B N H 600.13 1.214200 0.003740 13.201000 0.059490 0.824250 0.006080
36 B N H 600.13 1.142700 0.004320 10.759000 0.054250 0.819650 0.005580
39 B N H 600.13 1.380800 0.009740 11.817000 0.072530 0.809520 0.004390
40 B N H 600.13 1.249800 0.002480 13.003000 0.092140 0.804120 0.005640
41 B N H 600.13 1.288000 0.005970 12.135000 0.085280 0.800580 0.005560
42 B N H 600.13 1.359500 0.007310 11.885000 0.145280 0.837410 0.006750
44 B N H 600.13 1.349600 0.011390 11.759000 0.052460 0.821610 0.006860
47 B N H 600.13 1.452000 0.028020 12.075000 0.367010 0.786730 0.016600
50 B N H 600.13 1.419100 0.010530 12.725000 0.101520 0.800480 0.008650
51 B N H 600.13 1.343600 0.009890 11.856000 0.187350 0.786730 0.008190
52 B N H 600.13 1.163400 0.007920 12.351000 0.047760 0.785390 0.005320
54 B N H 600.13 1.216800 0.002780 12.448000 0.042860 0.802030 0.004820
55 B N H 600.13 1.345700 0.010870 11.810000 0.093940 0.781630 0.006610
56 B N H 600.13 1.324600 0.017180 12.472000 0.083670 0.817220 0.006650
57 B N H 600.13 1.293600 0.004470 12.096000 0.052010 0.806810 0.004890
58 B N H 600.13 1.421000 0.013780 12.484000 0.101860 0.818600 0.004900
61 B N H 600.13 1.358700 0.007770 11.185000 0.066570 0.806050 0.005540
62 B N H 600.13 1.091100 0.007120 10.777000 0.076660 0.573120 0.006710
63 B N H 600.13 1.227900 0.009620 11.940000 0.089290 0.754080 0.005480
64 B N H 600.13 1.335400 0.008320 11.812000 0.138890 0.804590 0.007150
65 B N H 600.13 1.220000 0.006240 13.219000 0.057110 0.803680 0.006000
66 B N H 600.13 1.301800 0.006770 12.414000 0.074350 0.825690 0.008710
69 B N H 600.13 1.362100 0.010410 10.820000 0.197430 0.812550 0.007160
71 B N H 600.13 1.365000 0.054150 13.684000 0.208770 0.765240 0.008900

