# A N H
  3.0000000e+000  1.7168000e+001  1.0000000e+000
  4.0000000e+000  2.1874000e+001  1.0000000e+000
  5.0000000e+000  2.0181000e+001  1.0000000e+000
  6.0000000e+000  1.7237000e+001  1.0000000e+000
  7.0000000e+000  1.6428000e+001  1.0000000e+000
  8.0000000e+000  5.4700000e+000  1.0000000e+000
  9.0000000e+000  1.2408000e+001  1.0000000e+000
  1.0000000e+001  5.0280000e+000  1.0000000e+000
  1.1000000e+001 -7.4510000e+000  1.0000000e+000
  1.2000000e+001  1.6178000e+001  1.0000000e+000
  1.3000000e+001  1.5896000e+001  1.0000000e+000
  1.4000000e+001  1.9671000e+001  1.0000000e+000
  1.5000000e+001  1.9811000e+001  1.0000000e+000
  1.6000000e+001  2.1622000e+001  1.0000000e+000
  1.7000000e+001  2.1296000e+001  1.0000000e+000
  1.8000000e+001  1.9770000e+001  1.0000000e+000
  1.9000000e+001  1.9137000e+001  1.0000000e+000
  2.0000000e+001  1.2772000e+001  1.0000000e+000
  2.1000000e+001  1.4060000e+001  1.0000000e+000
  2.2000000e+001  7.3460000e+000  1.0000000e+000
  2.3000000e+001  1.0892000e+001  1.0000000e+000
  2.4000000e+001 -1.3218000e+001  1.0000000e+000
  2.6000000e+001  7.2530000e+000  1.0000000e+000
  2.8000000e+001 -2.0215000e+001  1.0000000e+000
  2.9000000e+001 -2.4260000e+000  1.0000000e+000
  3.0000000e+001  9.0800000e-001  1.0000000e+000
  3.1000000e+001 -1.8406000e+001  1.0000000e+000
  3.2000000e+001 -2.0754000e+001  1.0000000e+000
  3.3000000e+001 -6.3380000e+000  1.0000000e+000
  3.4000000e+001 -5.4200000e+000  1.0000000e+000
  3.5000000e+001 -2.3762000e+001  1.0000000e+000
  3.6000000e+001 -1.5885000e+001  1.0000000e+000
  3.8000000e+001 -2.0376000e+001  1.0000000e+000
  3.9000000e+001 -2.6871000e+001  1.0000000e+000
  4.0000000e+001 -2.5108000e+001  1.0000000e+000
  4.2000000e+001 -1.1010000e+001  1.0000000e+000
  4.3000000e+001  1.2075000e+001  1.0000000e+000
  4.4000000e+001  1.8342000e+001  1.0000000e+000
  4.5000000e+001  1.9799000e+001  1.0000000e+000
  4.6000000e+001  2.0868000e+001  1.0000000e+000
  4.7000000e+001  1.5362000e+001  1.0000000e+000
  4.8000000e+001 -1.0992000e+001  1.0000000e+000
  4.9000000e+001 -2.0670000e+000  1.0000000e+000
  5.0000000e+001  1.9409000e+001  1.0000000e+000
  5.1000000e+001  2.1409000e+001  1.0000000e+000
  5.2000000e+001  1.8507000e+001  1.0000000e+000
  5.3000000e+001  1.6459000e+001  1.0000000e+000
  5.4000000e+001  1.5767000e+001  1.0000000e+000
  5.5000000e+001  9.2790000e+000  1.0000000e+000
  5.6000000e+001  1.3482000e+001  1.0000000e+000
 # A CA HA
  2.0000000e+000  2.9248000e+001  1.0000000e+000
  3.0000000e+000  3.6404000e+001  1.0000000e+000
  4.0000000e+000  4.1096000e+001  1.0000000e+000
  5.0000000e+000  4.2639000e+001  1.0000000e+000
  6.0000000e+000  3.7904000e+001  1.0000000e+000
  7.0000000e+000  2.6974000e+001  1.0000000e+000
  8.0000000e+000  2.3801000e+001  1.0000000e+000
  1.0000000e+001  1.8139000e+001  1.0000000e+000
  1.1000000e+001 -2.3085000e+001  1.0000000e+000
  1.2000000e+001  3.0329000e+001  1.0000000e+000
  1.3000000e+001  2.6588000e+001  1.0000000e+000
  1.5000000e+001  3.4267000e+001  1.0000000e+000
  1.6000000e+001  3.3305000e+001  1.0000000e+000
  1.7000000e+001  3.9254000e+001  1.0000000e+000
  1.8000000e+001  4.1240000e+001  1.0000000e+000
  1.9000000e+001  3.1762000e+001  1.0000000e+000
  2.0000000e+001  1.0636000e+001  1.0000000e+000
  2.1000000e+001  9.9440000e+000  1.0000000e+000
  2.2000000e+001  2.7710000e+001  1.0000000e+000
  2.3000000e+001  1.9491000e+001  1.0000000e+000
  2.4000000e+001 -5.2233000e+001  1.0000000e+000
  2.6000000e+001  4.1889000e+001  1.0000000e+000
  2.7000000e+001 -3.4244000e+001  1.0000000e+000
  2.8000000e+001 -2.0276000e+001  1.0000000e+000
  2.9000000e+001  3.2192000e+001  1.0000000e+000
  3.0000000e+001  3.3187000e+001  1.0000000e+000
  3.1000000e+001 -5.1346000e+001  1.0000000e+000
  3.2000000e+001  4.5060000e+000  1.0000000e+000
  3.3000000e+001  4.2230000e+001  1.0000000e+000
  3.4000000e+001 -3.2070000e+000  1.0000000e+000
  3.5000000e+001 -4.1750000e+001  1.0000000e+000
  3.6000000e+001  2.4039000e+001  1.0000000e+000
  3.7000000e+001  3.7686000e+001  1.0000000e+000
  3.9000000e+001 -5.9692000e+001  1.0000000e+000
  4.0000000e+001 -5.6871000e+001  1.0000000e+000
  4.2000000e+001  6.1850000e+000  1.0000000e+000
  4.3000000e+001  2.7419000e+001  1.0000000e+000
  4.4000000e+001  2.3599000e+001  1.0000000e+000
  4.5000000e+001  3.7344000e+001  1.0000000e+000
  4.6000000e+001  4.0329000e+001  1.0000000e+000
  4.7000000e+001  3.0267000e+001  1.0000000e+000
  4.8000000e+001 -5.6646000e+001  1.0000000e+000
  4.9000000e+001 -3.4850000e+000  1.0000000e+000
  5.0000000e+001  2.3735000e+001  1.0000000e+000
  5.1000000e+001  3.4829000e+001  1.0000000e+000
  5.2000000e+001  4.3214000e+001  1.0000000e+000
  5.3000000e+001  3.9814000e+001  1.0000000e+000
  5.4000000e+001  3.6424000e+001  1.0000000e+000
  5.5000000e+001  2.9428000e+001  1.0000000e+000
