  1.4914095e+000  1.0000000e-001
 -2.0009482e-002  1.0000000e-001
 -2.8647890e+000  1.0000000e-001
 -3.2610934e-001  1.0000000e-001
 -3.9858790e-001  1.0000000e-001
 -1.4266420e+000  1.0000000e-001
  1.7120937e-001  1.0000000e-001
 -1.4430031e+000  1.0000000e-001
  1.6118284e+000  1.0000000e-001
  5.9992999e-001  1.0000000e-001
  2.3798813e+000  1.0000000e-001
 -2.0702824e+000  1.0000000e-001
  7.8197436e-001  1.0000000e-001
 -1.3943223e+000  1.0000000e-001
  5.4867659e-001  1.0000000e-001
 -6.2895428e-001  1.0000000e-001
  9.0655258e-002  1.0000000e-001
  3.5311013e-001  1.0000000e-001
 -1.8617788e+000  1.0000000e-001
 -1.4463979e+000  1.0000000e-001
 -1.3776016e+000  1.0000000e-001
 -1.7871861e-001  1.0000000e-001
  4.6094642e-001  1.0000000e-001
  1.8690776e+000  1.0000000e-001
  1.1061887e+000  1.0000000e-001
  6.9970379e-001  1.0000000e-001
  1.3291542e+000  1.0000000e-001
  2.2413703e+000  1.0000000e-001
  1.3673198e+000  1.0000000e-001
 -4.4228328e-002  1.0000000e-001
  3.0779738e+000  1.0000000e-001
  3.1116653e+000  1.0000000e-001
  1.0288752e+000  1.0000000e-001
  9.7936841e-001  1.0000000e-001
  2.2814493e+000  1.0000000e-001
 -4.7108465e-001  1.0000000e-001
  3.5372614e-001  1.0000000e-001
 -2.0711658e+000  1.0000000e-001
  2.5523230e+000  1.0000000e-001
  2.1402373e+000  1.0000000e-001
  2.5618508e+000  1.0000000e-001
  1.3906419e+000  1.0000000e-001
 -1.0721954e+000  1.0000000e-001
 -1.4704010e+000  1.0000000e-001
  1.4498542e+000  1.0000000e-001
 -1.9226920e+000  1.0000000e-001
 -2.7573375e+000  1.0000000e-001
  9.7298563e-001  1.0000000e-001
  6.0596649e-001  1.0000000e-001
 -2.8791162e+000  1.0000000e-001
 -2.6840623e+000  1.0000000e-001
  2.9606928e+000  1.0000000e-001
  9.4222818e-001  1.0000000e-001
 -1.1611697e+000  1.0000000e-001
  3.4283131e-001  1.0000000e-001
  5.3446316e-002  1.0000000e-001
  1.5747306e-001  1.0000000e-001
  2.1848338e+000  1.0000000e-001
  1.5907348e-001  1.0000000e-001
 -2.8713574e-001  1.0000000e-001
  1.5725641e-001  1.0000000e-001
 -3.4170256e-001  1.0000000e-001
  1.9532332e+000  1.0000000e-001
 -2.6154129e-001  1.0000000e-001
 -1.3638483e+000  1.0000000e-001
  1.0406057e+000  1.0000000e-001
  1.5693818e+000  1.0000000e-001
  3.0884961e+000  1.0000000e-001
  1.5281667e+000  1.0000000e-001
 -4.3361322e-001  1.0000000e-001
